834	9
621	0.466666666666667	0.444444444444445	0.555555555555556	0.666666666666667	0.222222222222222	0.166666666666667	0.400000000000000	0.266666666666667	0.477777777777778
631	0.451219512195122	0.463414634146342	0.378048780487805	0.451219512195122	0.341463414634146	0.682926829268293	0.634146341463415	0.243902439024390	0.634146341463415
620	0.534883720930233	0.337209302325581	0.500000000000000	0.709302325581395	0.174418604651163	0.174418604651163	0.325581395348837	0.372093023255814	0.430232558139535
622	0.307692307692308	0.423076923076923	0.461538461538462	0.538461538461538	0.269230769230769	0.288461538461538	0.423076923076923	0.269230769230769	0.346153846153846
573	0.266666666666667	0.800000000000000	0.655555555555556	0.644444444444445	0.377777777777778	0.400000000000000	0.366666666666667	0.111111111111111	0.722222222222222
572	0.276595744680851	0.648936170212766	0.808510638297872	0.659574468085106	0.265957446808511	0.234042553191489	0.425531914893617	0.255319148936170	0.787234042553191
570	0.412500000000000	0.437500000000000	0.475000000000000	0.712500000000000	0.212500000000000	0.400000000000000	0.150000000000000	0.412500000000000	0.612500000000000
571	0.476190476190476	0.452380952380952	0.785714285714286	0.845238095238095	0.238095238095238	0.238095238095238	0.345238095238095	0.345238095238095	0.738095238095238
574	0.600000000000000	0.572727272727273	0.545454545454546	0.718181818181818	0.545454545454546	0.345454545454545	0.481818181818182	0.227272727272727	0.572727272727273
694	0.319148936170213	0.393617021276596	0.574468085106383	0.617021276595745	0.712765957446809	0.319148936170213	0.393617021276596	0.659574468085106	0.510638297872340
696	0.519230769230769	0.269230769230769	0.500000000000000	0.576923076923077	0.576923076923077	0.326923076923077	0.557692307692308	0.673076923076923	0.423076923076923
700	0.535714285714286	0.428571428571429	0.571428571428571	0.553571428571429	0.446428571428571	0.107142857142857	0.392857142857143	0.500000000000000	0.428571428571429
699	0.434782608695652	0.152173913043478	0.391304347826087	0.304347826086957	0.521739130434783	0.391304347826087	0.304347826086957	0.543478260869565	0.326086956521739
693	0.283783783783784	0.418918918918919	0.756756756756757	0.554054054054054	0.621621621621622	0.243243243243243	0.297297297297297	0.635135135135135	0.324324324324324
625	0.652777777777778	0.472222222222222	0.666666666666667	0.708333333333334	0.319444444444444	0.444444444444444	0.486111111111111	0.611111111111111	0.361111111111111
626	0.595238095238095	0.476190476190476	0.630952380952381	0.702380952380952	0.488095238095238	0.476190476190476	0.345238095238095	0.714285714285714	0.500000000000000
624	0.475000000000000	0.450000000000000	0.425000000000000	0.550000000000000	0.300000000000000	0.525000000000000	0.575000000000000	0.300000000000000	0.425000000000000
576	0.545454545454546	0.465909090909091	0.437500000000000	0.698863636363636	0.375000000000000	0.0909090909090909	0.431818181818182	0.363636363636364	0.392045454545455
575	0.552238805970149	0.559701492537313	0.425373134328358	0.656716417910448	0.447761194029851	0.134328358208955	0.410447761194030	0.320895522388060	0.514925373134328
641	0.540983606557377	0.180327868852459	0.557377049180328	0.327868852459016	0.647540983606557	0.360655737704918	0.393442622950820	0.426229508196721	0.606557377049180
642	0.392156862745098	0.343137254901961	0.500000000000000	0.431372549019608	0.872549019607843	0.333333333333333	0.460784313725490	0.490196078431373	0.490196078431373
643	0.545454545454546	0.439393939393939	0.537878787878788	0.515151515151515	0.840909090909091	0.371212121212121	0.363636363636364	0.590909090909091	0.583333333333333
534	0.318181818181818	0.439393939393939	0.742424242424242	0.515151515151515	0.666666666666667	0.424242424242424	0.606060606060606	0.424242424242424	0.242424242424242
532	0.425000000000000	0.425000000000000	0.650000000000000	0.500000000000000	0.300000000000000	0.450000000000000	0.625000000000000	0.450000000000000	0.175000000000000
640	0.628205128205128	0.358974358974359	0.615384615384615	0.358974358974359	0.679487179487180	0.358974358974359	0.384615384615385	0.333333333333333	0.615384615384615
639	0.594827586206897	0.370689655172414	0.482758620689655	0.362068965517241	0.551724137931035	0.637931034482759	0.362068965517241	0.396551724137931	0.525862068965517
568	0.461538461538462	0.384615384615385	0.557692307692308	0.711538461538462	0.250000000000000	0.596153846153846	0.173076923076923	0.442307692307692	0.346153846153846
569	0.596774193548387	0.435483870967742	0.564516129032258	0.564516129032258	0.129032258064516	0.354838709677419	0.0967741935483871	0.354838709677419	0.612903225806452
679	0.566666666666667	0.500000000000000	0.316666666666667	0.366666666666667	0.550000000000000	0.766666666666667	0.500000000000000	0.533333333333333	0.500000000000000
678	0.570175438596491	0.517543859649123	0.333333333333333	0.421052631578947	0.394736842105263	0.684210526315790	0.482456140350877	0.649122807017544	0.342105263157895
698	0.404255319148936	0.351063829787234	0.553191489361702	0.340425531914894	0.670212765957447	0.478723404255319	0.276595744680851	0.553191489361702	0.521276595744681
680	0.645833333333333	0.416666666666667	0.208333333333333	0.416666666666667	0.270833333333333	0.729166666666667	0.458333333333333	0.375000000000000	0.395833333333333
619	0.729166666666667	0.208333333333333	0.520833333333333	0.395833333333333	0.187500000000000	0.312500000000000	0.375000000000000	0.458333333333333	0.375000000000000
1087	0.566666666666667	0.450000000000000	0.616666666666667	0.350000000000000	0.483333333333333	0.650000000000000	0.650000000000000	0.583333333333333	0.433333333333333
1089	0.434782608695652	0.543478260869565	0.630434782608696	0.413043478260870	0.543478260869565	0.673913043478261	0.521739130434783	0.478260869565217	0.521739130434783
616	0.324324324324324	0.486486486486487	0.567567567567568	0.243243243243243	0.513513513513514	0.459459459459460	0.527027027027027	0.635135135135135	0.486486486486487
1103	0.383720930232558	0.290697674418605	0.581395348837209	0.441860465116279	0.209302325581395	0.593023255813954	0.465116279069767	0.372093023255814	0.453488372093023
707	0.701923076923077	0.307692307692308	0.519230769230769	0.500000000000000	0.586538461538462	0.461538461538462	0.403846153846154	0.490384615384615	0.288461538461538
692	0.463414634146342	0.457317073170732	0.414634146341463	0.591463414634146	0.548780487804878	0.609756097560976	0.121951219512195	0.573170731707317	0.408536585365854
1104	0.457142857142857	0.385714285714286	0.571428571428572	0.657142857142857	0.142857142857143	0.471428571428572	0.442857142857143	0.485714285714286	0.285714285714286
1113	0.428571428571429	0.523809523809524	0.821428571428571	0.321428571428571	0.547619047619048	0.642857142857143	0.273809523809524	0.285714285714286	0.619047619047619
1112	0.500000000000000	0.465909090909091	0.852272727272727	0.306818181818182	0.443181818181818	0.784090909090909	0.215909090909091	0.431818181818182	0.454545454545455
695	0.379310344827586	0.379310344827586	0.551724137931034	0.603448275862069	0.741379310344828	0.137931034482759	0.362068965517241	0.637931034482759	0.448275862068966
1109	0.500000000000000	0.416666666666667	0.547619047619048	0.690476190476190	0.547619047619048	0.511904761904762	0.392857142857143	0.476190476190476	0.130952380952381
697	0.453488372093023	0.441860465116279	0.558139534883721	0.569767441860465	0.616279069767442	0.360465116279070	0.674418604651163	0.569767441860465	0.313953488372093
632	0.573170731707317	0.487804878048781	0.524390243902439	0.451219512195122	0.524390243902439	0.487804878048781	0.707317073170732	0.353658536585366	0.353658536585366
634	0.546296296296296	0.435185185185185	0.305555555555556	0.722222222222222	0.722222222222222	0.768518518518519	0.787037037037037	0.287037037037037	0.268518518518519
633	0.500000000000000	0.307692307692308	0.519230769230769	0.721153846153846	0.663461538461539	0.663461538461539	0.692307692307693	0.509615384615385	0.326923076923077
1108	0.562500000000000	0.479166666666667	0.500000000000000	0.625000000000000	0.604166666666667	0.458333333333333	0.458333333333333	0.500000000000000	0.177083333333333
1107	0.600000000000000	0.600000000000000	0.628571428571429	0.700000000000000	0.485714285714286	0.542857142857143	0.371428571428571	0.685714285714286	0.171428571428571
1111	0.488095238095238	0.559523809523810	0.452380952380952	0.607142857142857	0.619047619047619	0.476190476190476	0.607142857142857	0.416666666666667	0.238095238095238
1110	0.479166666666667	0.510416666666667	0.375000000000000	0.666666666666667	0.666666666666667	0.520833333333333	0.604166666666667	0.635416666666667	0.239583333333333
1106	0.618421052631579	0.578947368421053	0.552631578947368	0.671052631578947	0.315789473684211	0.526315789473684	0.552631578947368	0.500000000000000	0.131578947368421
1105	0.473684210526316	0.500000000000000	0.657894736842105	0.618421052631579	0.236842105263158	0.578947368421053	0.434210526315790	0.473684210526316	0.236842105263158
1102	0.407407407407407	0.342592592592593	0.620370370370370	0.370370370370370	0.370370370370370	0.712962962962963	0.425925925925926	0.398148148148148	0.444444444444444
1114	0.589285714285714	0.607142857142857	0.732142857142857	0.705357142857143	0.321428571428571	0.625000000000000	0.375000000000000	0.446428571428571	0.428571428571429
1115	0.677966101694915	0.474576271186441	0.847457627118644	0.567796610169492	0.305084745762712	0.508474576271186	0.305084745762712	0.542372881355932	0.542372881355932
627	0.268518518518519	0.527777777777778	0.212962962962963	0.814814814814815	0.555555555555556	0.351851851851852	0.444444444444444	0.759259259259259	0.388888888888889
629	0.491071428571429	0.464285714285714	0.464285714285714	0.767857142857143	0.625000000000000	0.392857142857143	0.500000000000000	0.419642857142857	0.276785714285714
628	0.577380952380952	0.559523809523810	0.482142857142857	0.666666666666667	0.654761904761905	0.410714285714286	0.666666666666667	0.529761904761905	0.333333333333333
635	0.530769230769231	0.469230769230769	0.584615384615385	0.630769230769231	0.553846153846154	0.569230769230769	0.623076923076923	0.523076923076923	0.384615384615385
1146	0.596491228070176	0.543859649122807	0.495614035087719	0.333333333333333	0.500000000000000	0.447368421052631	0.631578947368421	0.407894736842105	0.592105263157895
1145	0.608333333333333	0.425000000000000	0.633333333333333	0.483333333333333	0.475000000000000	0.400000000000000	0.516666666666667	0.341666666666667	0.475000000000000
1119	0.527027027027027	0.621621621621622	0.540540540540541	0.500000000000000	0.378378378378378	0.0270270270270270	0.513513513513514	0.229729729729730	0.594594594594595
1144	0.743902439024390	0.353658536585366	0.585365853658537	0.573170731707317	0.341463414634146	0.170731707317073	0.609756097560976	0.304878048780488	0.280487804878049
1118	0.680555555555556	0.611111111111111	0.750000000000000	0.583333333333333	0.486111111111111	0.0833333333333333	0.625000000000000	0.430555555555556	0.638888888888889
659	0.584745762711865	0.491525423728814	0.618644067796610	0.762711864406780	0.516949152542373	0.271186440677966	0.457627118644068	0.661016949152542	0.372881355932203
658	0.437500000000000	0.625000000000000	0.500000000000000	0.589285714285714	0.517857142857143	0.464285714285714	0.464285714285714	0.642857142857143	0.267857142857143
644	0.571428571428571	0.452380952380952	0.476190476190476	0.619047619047619	0.714285714285714	0.380952380952381	0.404761904761905	0.702380952380952	0.607142857142857
657	0.491228070175439	0.657894736842105	0.605263157894737	0.657894736842105	0.342105263157895	0.535087719298246	0.666666666666667	0.754385964912281	0.324561403508772
578	0.723076923076923	0.400000000000000	0.400000000000000	0.523076923076923	0.446153846153846	0.138461538461538	0.738461538461539	0.461538461538462	0.353846153846154
645	0.513157894736842	0.473684210526316	0.592105263157895	0.578947368421053	0.565789473684211	0.493421052631579	0.526315789473684	0.802631578947368	0.500000000000000
535	0.258620689655172	0.500000000000000	0.637931034482759	0.500000000000000	0.793103448275862	0.482758620689655	0.620689655172414	0.172413793103448	0.586206896551724
537	0.500000000000000	0.670454545454545	0.522727272727273	0.386363636363636	0.477272727272727	0.363636363636364	0.477272727272727	0.204545454545455	0.556818181818182
533	0.323529411764706	0.588235294117647	0.647058823529412	0.647058823529412	0.529411764705882	0.294117647058824	0.764705882352941	0.588235294117647	0.117647058823529
538	0.525641025641026	0.730769230769231	0.435897435897436	0.525641025641026	0.589743589743590	0.230769230769231	0.358974358974359	0.205128205128205	0.512820512820513
553	0.291666666666667	0.562500000000000	0.750000000000000	0.541666666666667	0.291666666666667	0.500000000000000	0.666666666666667	0.416666666666667	0.0416666666666667
536	0.333333333333333	0.518518518518519	0.629629629629630	0.537037037037037	0.666666666666667	0.481481481481481	0.685185185185185	0.296296296296296	0.407407407407407
556	0.181818181818182	0.530303030303030	0.606060606060606	0.651515151515151	0.696969696969697	0.636363636363636	0.363636363636364	0.621212121212121	0.272727272727273
554	0.395833333333333	0.614583333333333	0.729166666666667	0.312500000000000	0.187500000000000	0.656250000000000	0.479166666666667	0.479166666666667	0.0312500000000000
530	0.775000000000000	0.250000000000000	0.700000000000000	0.400000000000000	0.450000000000000	0.400000000000000	0.625000000000000	0.475000000000000	0.287500000000000
555	0.117647058823529	0.617647058823529	0.852941176470588	0.647058823529412	0.705882352941177	0.794117647058824	0.294117647058824	0.500000000000000	0.235294117647059
531	0.581081081081081	0.175675675675676	0.594594594594595	0.648648648648649	0.432432432432432	0.324324324324324	0.675675675675676	0.635135135135135	0.405405405405406
188	0.508196721311475	0.450819672131148	0.418032786885246	0.590163934426230	0.795081967213115	0.549180327868853	0.147540983606557	0.631147540983607	0.426229508196721
560	0.675675675675676	0.351351351351351	0.554054054054054	0.378378378378378	0.540540540540541	0.540540540540541	0.202702702702703	0.513513513513514	0.337837837837838
559	0.562500000000000	0.375000000000000	0.500000000000000	0.437500000000000	0.437500000000000	0.500000000000000	0.250000000000000	0.375000000000000	0.187500000000000
529	0.475609756097561	0.634146341463415	0.829268292682927	0.353658536585366	0.560975609756098	0.390243902439024	0.512195121951220	0.487804878048781	0.439024390243903
618	0.538461538461538	0.250000000000000	0.576923076923077	0.384615384615385	0.230769230769231	0.576923076923077	0.750000000000000	0.557692307692308	0.615384615384615
557	0.635416666666667	0.479166666666667	0.604166666666667	0.375000000000000	0.458333333333333	0.458333333333333	0.500000000000000	0.385416666666667	0.270833333333333
528	0.287500000000000	0.662500000000000	0.525000000000000	0.325000000000000	0.312500000000000	0.725000000000000	0.525000000000000	0.550000000000000	0.550000000000000
558	0.766666666666667	0.466666666666667	0.800000000000000	0.533333333333333	0.466666666666667	0.333333333333333	0.366666666666667	0.466666666666667	0.400000000000000
527	0.0810810810810811	0.432432432432432	0.351351351351351	0.391891891891892	0.513513513513514	0.702702702702703	0.364864864864865	0.567567567567568	0.581081081081081
638	0.181818181818182	0.431818181818182	0.772727272727273	0.375000000000000	0.431818181818182	0.545454545454545	0.340909090909091	0.477272727272727	0.681818181818182
637	0.0612244897959184	0.346938775510204	0.510204081632653	0.459183673469388	0.530612244897959	0.632653061224490	0.377551020408163	0.673469387755102	0.448979591836735
636	0.121621621621622	0.405405405405405	0.648648648648649	0.405405405405405	0.783783783783784	0.527027027027027	0.364864864864865	0.770270270270270	0.418918918918919
567	0.352941176470588	0.352941176470588	0.411764705882353	0.558823529411765	0.588235294117647	0.500000000000000	0.382352941176471	0.470588235294118	0.235294117647059
566	0.173076923076923	0.346153846153846	0.538461538461538	0.211538461538462	0.730769230769231	0.480769230769231	0.288461538461538	0.711538461538462	0.288461538461539
617	0.484848484848485	0.484848484848485	0.484848484848485	0.500000000000000	0.393939393939394	0.681818181818182	0.666666666666667	0.742424242424242	0.666666666666667
677	0.531250000000000	0.729166666666667	0.333333333333333	0.479166666666667	0.500000000000000	0.500000000000000	0.500000000000000	0.635416666666667	0.520833333333333
691	0.627906976744186	0.395348837209302	0.232558139534884	0.430232558139535	0.395348837209302	0.732558139534884	0.209302325581395	0.418604651162791	0.348837209302326
675	0.756097560975610	0.780487804878049	0.353658536585366	0.378048780487805	0.475609756097561	0.646341463414634	0.768292682926829	0.353658536585366	0.609756097560976
676	0.485714285714286	0.685714285714286	0.314285714285714	0.385714285714286	0.500000000000000	0.585714285714286	0.628571428571429	0.742857142857143	0.571428571428571
615	0.472222222222222	0.500000000000000	0.722222222222222	0.166666666666667	0.805555555555556	0.305555555555556	0.444444444444444	0.472222222222222	0.305555555555556
690	0.414285714285714	0.457142857142857	0.285714285714286	0.185714285714286	0.528571428571429	0.642857142857143	0.457142857142857	0.400000000000000	0.285714285714286
706	0.730769230769231	0.461538461538462	0.538461538461538	0.346153846153846	0.435897435897436	0.435897435897436	0.512820512820513	0.500000000000000	0.512820512820513
1088	0.333333333333333	0.541666666666667	0.375000000000000	0.375000000000000	0.541666666666667	0.875000000000000	0.750000000000000	0.750000000000000	0.666666666666667
1086	0.472727272727273	0.581818181818182	0.654545454545455	0.472727272727273	0.700000000000000	0.727272727272727	0.663636363636364	0.509090909090909	0.527272727272727
1101	0.545454545454545	0.325757575757576	0.590909090909091	0.272727272727273	0.477272727272727	0.613636363636364	0.553030303030303	0.560606060606061	0.484848484848485
704	0.857142857142857	0.535714285714286	0.535714285714286	0.553571428571429	0.535714285714286	0.571428571428571	0.428571428571429	0.589285714285714	0.428571428571429
1091	0.479166666666667	0.354166666666667	0.875000000000000	0.333333333333333	0.395833333333333	0.520833333333333	0.291666666666667	0.125000000000000	0.395833333333333
1090	0.404761904761905	0.333333333333333	0.761904761904762	0.357142857142857	0.476190476190476	0.619047619047619	0.380952380952381	0.0952380952380952	0.428571428571429
1092	0.596774193548387	0.516129032258065	0.822580645161290	0.387096774193548	0.741935483870968	0.580645161290323	0.258064516129032	0.354838709677419	0.677419354838710
1094	0.454545454545455	0.250000000000000	0.500000000000000	0.522727272727273	0.636363636363636	0.386363636363636	0.272727272727273	0.409090909090909	0.340909090909091
1093	0.333333333333333	0.303030303030303	0.787878787878788	0.378787878787879	0.484848484848485	0.303030303030303	0.303030303030303	0.272727272727273	0.409090909090909
1095	0.537500000000000	0.225000000000000	0.475000000000000	0.587500000000000	0.475000000000000	0.287500000000000	0.425000000000000	0.625000000000000	0.287500000000000
1250	0.523809523809524	0.523809523809524	0.571428571428571	0.452380952380952	0.571428571428571	0.380952380952381	0.642857142857143	0.619047619047619	0.547619047619048
1259	0.464285714285714	0.511904761904762	0.726190476190476	0.690476190476191	0.333333333333333	0.571428571428572	0.607142857142857	0.214285714285714	0.619047619047619
1237	0.666666666666667	0.500000000000000	0.604166666666667	0.750000000000000	0.666666666666667	0.312500000000000	0.541666666666667	0.541666666666667	0.604166666666667
1116	0.762711864406780	0.449152542372881	0.737288135593220	0.559322033898305	0.466101694915254	0.466101694915254	0.355932203389831	0.423728813559322	0.491525423728814
1096	0.395833333333333	0.427083333333333	0.479166666666667	0.562500000000000	0.625000000000000	0.427083333333333	0.291666666666667	0.562500000000000	0.604166666666667
1161	0.465116279069767	0.651162790697674	0.581395348837209	0.453488372093023	0.418604651162791	0.488372093023256	0.674418604651163	0.453488372093023	0.686046511627907
1162	0.448275862068966	0.775862068965517	0.724137931034483	0.413793103448276	0.362068965517241	0.586206896551724	0.655172413793103	0.672413793103448	0.517241379310345
1117	0.843750000000000	0.578125000000000	0.687500000000000	0.718750000000000	0.453125000000000	0.328125000000000	0.484375000000000	0.343750000000000	0.562500000000000
1159	0.758064516129032	0.500000000000000	0.814516129032258	0.701612903225807	0.580645161290323	0.435483870967742	0.395161290322581	0.370967741935484	0.532258064516129
1160	0.466666666666667	0.766666666666667	0.650000000000000	0.450000000000000	0.400000000000000	0.533333333333333	0.633333333333333	0.250000000000000	0.666666666666667
1120	0.517857142857143	0.535714285714286	0.250000000000000	0.535714285714286	0.357142857142857	0.0357142857142857	0.714285714285714	0.267857142857143	0.482142857142857
1121	0.406976744186047	0.523255813953488	0.406976744186046	0.534883720930233	0.441860465116279	0.0348837209302326	0.639534883720930	0.255813953488372	0.569767441860465
1099	0.615384615384615	0.346153846153846	0.769230769230769	0.538461538461538	0.576923076923077	0.480769230769231	0.423076923076923	0.557692307692308	0.538461538461539
660	0.547945205479452	0.547945205479452	0.328767123287671	0.698630136986302	0.500000000000000	0.356164383561644	0.726027397260274	0.739726027397260	0.506849315068493
647	0.806451612903226	0.677419354838710	0.483870967741935	0.387096774193548	0.548387096774194	0.419354838709677	0.322580645161290	0.370967741935484	0.451612903225806
646	0.380952380952381	0.559523809523810	0.404761904761905	0.619047619047619	0.440476190476190	0.369047619047619	0.523809523809524	0.690476190476191	0.321428571428571
577	0.661538461538461	0.484615384615385	0.353846153846154	0.700000000000000	0.446153846153846	0.123076923076923	0.515384615384615	0.407692307692308	0.369230769230769
579	0.648148148148148	0.370370370370370	0.472222222222222	0.601851851851852	0.583333333333333	0.203703703703704	0.712962962962963	0.444444444444444	0.222222222222222
648	0.814814814814815	0.500000000000000	0.333333333333333	0.398148148148148	0.592592592592592	0.240740740740741	0.518518518518518	0.324074074074074	0.555555555555556
649	0.708860759493671	0.436708860759494	0.291139240506329	0.575949367088608	0.512658227848101	0.183544303797468	0.607594936708861	0.170886075949367	0.658227848101266
191	0.523809523809524	0.595238095238095	0.500000000000000	0.714285714285714	0.630952380952381	0.285714285714286	0.476190476190476	0.619047619047619	0.523809523809524
203	0.465517241379310	0.465517241379310	0.551724137931035	0.534482758620690	0.465517241379310	0.482758620689655	0.655172413793103	0.310344827586207	0.551724137931034
202	0.636363636363636	0.363636363636364	0.590909090909091	0.500000000000000	0.545454545454545	0.204545454545455	0.613636363636364	0.318181818181818	0.545454545454545
539	0.676470588235294	0.455882352941177	0.426470588235294	0.558823529411765	0.544117647058824	0.147058823529412	0.588235294117647	0.352941176470588	0.455882352941177
540	0.462500000000000	0.575000000000000	0.475000000000000	0.362500000000000	0.550000000000000	0.200000000000000	0.475000000000000	0.325000000000000	0.550000000000000
208	0.685714285714286	0.414285714285714	0.542857142857143	0.485714285714286	0.385714285714286	0.314285714285714	0.442857142857143	0.685714285714286	0.571428571428572
190	0.368421052631579	0.535087719298246	0.587719298245614	0.815789473684210	0.780701754385965	0.403508771929825	0.552631578947368	0.815789473684211	0.578947368421053
189	0.348837209302326	0.604651162790698	0.476744186046512	0.767441860465116	0.604651162790698	0.639534883720930	0.395348837209302	0.779069767441861	0.581395348837209
192	0.568181818181818	0.465909090909091	0.556818181818182	0.590909090909091	0.443181818181818	0.204545454545455	0.522727272727273	0.431818181818182	0.545454545454545
207	0.645161290322581	0.725806451612903	0.612903225806452	0.629032258064516	0.516129032258065	0.322580645161290	0.532258064516129	0.774193548387097	0.451612903225807
206	0.400000000000000	0.560000000000000	0.520000000000000	0.660000000000000	0.480000000000000	0.460000000000000	0.720000000000000	0.700000000000000	0.400000000000000
204	0.500000000000000	0.428571428571429	0.500000000000000	0.785714285714286	0.714285714285714	0.535714285714286	0.285714285714286	0.607142857142857	0.428571428571429
205	0.272727272727273	0.590909090909091	0.409090909090909	0.750000000000000	0.704545454545454	0.522727272727273	0.454545454545455	0.568181818181818	0.136363636363636
20	0.432432432432432	0.405405405405405	0.567567567567568	0.662162162162162	0.351351351351351	0.756756756756757	0.540540540540541	0.594594594594595	0.432432432432432
187	0.543859649122807	0.421052631578947	0.701754385964913	0.359649122807018	0.517543859649123	0.675438596491228	0.0964912280701754	0.578947368421053	0.342105263157895
17	0.596153846153846	0.384615384615385	0.625000000000000	0.557692307692308	0.701923076923077	0.884615384615385	0.413461538461538	0.480769230769231	0.500000000000000
186	0.333333333333333	0.490196078431373	0.676470588235294	0.294117647058824	0.480392156862745	0.578431372549020	0.0490196078431373	0.470588235294118	0.460784313725490
503	0.354166666666667	0.520833333333333	0.687500000000000	0.395833333333333	0.427083333333333	0.729166666666667	0.145833333333333	0.562500000000000	0.562500000000000
502	0.162790697674419	0.697674418604651	0.465116279069767	0.255813953488372	0.267441860465116	0.802325581395349	0.302325581395349	0.569767441860465	0.534883720930233
526	0.156862745098039	0.372549019607843	0.470588235294118	0.274509803921569	0.470588235294118	0.568627450980392	0.215686274509804	0.598039215686275	0.470588235294118
18	0.489361702127660	0.308510638297872	0.702127659574468	0.478723404255319	0.776595744680851	0.776595744680851	0.308510638297872	0.425531914893617	0.553191489361702
525	0.337837837837838	0.229729729729730	0.405405405405405	0.351351351351351	0.594594594594595	0.702702702702703	0.256756756756757	0.635135135135135	0.486486486486487
501	0.189655172413793	0.396551724137931	0.413793103448276	0.448275862068966	0.293103448275862	0.603448275862069	0.379310344827586	0.620689655172414	0.431034482758621
565	0.291666666666667	0.583333333333333	0.666666666666667	0.250000000000000	0.791666666666667	0.666666666666667	0.583333333333333	0.541666666666667	0.208333333333333
499	0.0454545454545455	0.636363636363636	0.545454545454545	0.272727272727273	0.454545454545455	0.500000000000000	0.636363636363636	0.636363636363636	0.545454545454545
524	0.408163265306122	0.397959183673469	0.336734693877551	0.367346938775510	0.520408163265306	0.673469387755102	0.418367346938776	0.489795918367347	0.520408163265306
564	0.277777777777778	0.222222222222222	0.444444444444444	0.444444444444444	0.722222222222222	0.555555555555556	0.222222222222222	0.833333333333334	0.277777777777778
562	0.511627906976744	0.313953488372093	0.488372093023256	0.348837209302326	0.418604651162791	0.593023255813953	0.348837209302326	0.720930232558140	0.232558139534884
563	0.357142857142857	0.285714285714286	0.428571428571429	0.571428571428571	0.571428571428571	0.714285714285714	0.285714285714286	0.785714285714286	0.0714285714285714
674	0.692307692307692	0.615384615384615	0.410256410256410	0.371794871794872	0.423076923076923	0.525641025641026	0.692307692307692	0.384615384615385	0.551282051282051
681	0.654761904761905	0.547619047619048	0.297619047619048	0.416666666666667	0.202380952380952	0.666666666666667	0.654761904761905	0.404761904761905	0.428571428571429
672	0.418918918918919	0.594594594594595	0.472972972972973	0.472972972972973	0.216216216216216	0.594594594594595	0.621621621621622	0.229729729729730	0.797297297297297
673	0.544117647058824	0.529411764705882	0.455882352941176	0.588235294117647	0.397058823529412	0.617647058823529	0.764705882352941	0.338235294117647	0.691176470588235
711	0.500000000000000	0.500000000000000	0.678571428571428	0.178571428571429	0.500000000000000	0.678571428571429	0.500000000000000	0.321428571428571	0.678571428571429
710	0.250000000000000	0.250000000000000	0.500000000000000	0.0833333333333333	0.458333333333333	0.416666666666667	0.583333333333333	0.333333333333333	0.500000000000000
688	0.600000000000000	0.525000000000000	0.550000000000000	0.200000000000000	0.325000000000000	0.625000000000000	0.650000000000000	0.300000000000000	0.350000000000000
709	0.263157894736842	0.710526315789474	0.605263157894737	0.223684210526316	0.447368421052632	0.657894736842105	0.434210526315789	0.407894736842105	0.578947368421053
689	0.640625000000000	0.562500000000000	0.625000000000000	0.0625000000000000	0.406250000000000	0.859375000000000	0.531250000000000	0.343750000000000	0.625000000000000
687	0.583333333333333	0.625000000000000	0.583333333333333	0.145833333333333	0.291666666666667	0.645833333333333	0.708333333333333	0.270833333333333	0.270833333333333
703	0.705882352941177	0.426470588235294	0.470588235294118	0.441176470588235	0.426470588235294	0.441176470588235	0.558823529411765	0.602941176470588	0.558823529411765
702	0.454545454545455	0.159090909090909	0.409090909090909	0.363636363636364	0.386363636363636	0.545454545454545	0.522727272727273	0.590909090909091	0.318181818181818
705	0.869565217391304	0.369565217391304	0.521739130434783	0.478260869565217	0.739130434782609	0.565217391304348	0.347826086956522	0.521739130434783	0.391304347826087
1190	0.722222222222222	0.455555555555556	0.488888888888889	0.300000000000000	0.466666666666667	0.422222222222222	0.233333333333333	0.533333333333333	0.644444444444444
1085	0.339622641509434	0.462264150943396	0.490566037735849	0.415094339622642	0.679245283018868	0.811320754716981	0.584905660377359	0.547169811320755	0.641509433962264
1189	0.708860759493671	0.468354430379747	0.436708860759494	0.278481012658228	0.506329113924051	0.525316455696203	0.316455696202532	0.430379746835443	0.696202531645570
1181	0.307692307692308	0.423076923076923	0.371794871794872	0.666666666666667	0.487179487179487	0.769230769230769	0.769230769230769	0.679487179487180	0.794871794871795
1188	0.428571428571429	0.457142857142857	0.500000000000000	0.371428571428571	0.814285714285714	0.771428571428572	0.400000000000000	0.457142857142857	0.457142857142857
1182	0.242424242424242	0.530303030303030	0.303030303030303	0.696969696969697	0.333333333333333	0.666666666666667	0.696969696969697	0.651515151515151	0.757575757575758
1184	0.777777777777778	0.444444444444444	0.333333333333333	0.833333333333334	0.444444444444444	1.00000000000000	0.333333333333333	0.444444444444444	0.666666666666667
1187	0.659090909090909	0.818181818181818	0.590909090909091	0.590909090909091	0.545454545454545	0.863636363636364	0.181818181818182	0.409090909090909	0.636363636363636
1183	0.583333333333333	0.479166666666667	0.375000000000000	0.645833333333333	0.333333333333333	0.791666666666667	0.541666666666667	0.583333333333333	0.770833333333334
1186	0.675000000000000	0.800000000000000	0.500000000000000	0.450000000000000	0.350000000000000	0.850000000000000	0.200000000000000	0.300000000000000	0.875000000000000
1185	0.625000000000000	0.583333333333333	0.416666666666667	0.458333333333333	0.166666666666667	0.750000000000000	0.416666666666667	0.166666666666667	0.583333333333333
1200	0.176470588235294	0.705882352941177	0.558823529411765	0.352941176470588	0.735294117647059	0.500000000000000	0.470588235294118	0.176470588235294	0.367647058823529
1198	0.555555555555556	0.629629629629630	0.370370370370370	0.203703703703704	0.555555555555556	0.759259259259259	0.333333333333333	0.296296296296296	0.425925925925926
1245	0.315789473684211	0.526315789473684	0.802631578947369	0.631578947368421	0.447368421052632	0.644736842105263	0.657894736842105	0.368421052631579	0.513157894736842
1203	0.465517241379310	0.465517241379310	0.517241379310345	0.413793103448276	0.448275862068966	0.344827586206897	0.344827586206897	0.379310344827586	0.258620689655172
1247	0.600000000000000	0.460000000000000	0.540000000000000	0.500000000000000	0.200000000000000	0.760000000000000	0.680000000000000	0.600000000000000	0.560000000000000
1248	0.520833333333333	0.520833333333333	0.479166666666667	0.541666666666667	0.333333333333333	0.666666666666667	0.500000000000000	0.416666666666667	0.645833333333333
1244	0.384615384615385	0.615384615384615	0.769230769230769	0.423076923076923	0.384615384615385	0.538461538461539	0.615384615384615	0.307692307692308	0.346153846153846
1249	0.456521739130435	0.434782608695652	0.434782608695652	0.608695652173913	0.565217391304348	0.521739130434783	0.586956521739130	0.260869565217391	0.565217391304348
1251	0.233333333333333	0.483333333333333	0.550000000000000	0.700000000000000	0.600000000000000	0.250000000000000	0.416666666666667	0.350000000000000	0.300000000000000
1252	0.305555555555556	0.583333333333333	0.750000000000000	0.680555555555556	0.277777777777778	0.263888888888889	0.458333333333333	0.458333333333333	0.250000000000000
1097	0.307692307692308	0.480769230769231	0.538461538461538	0.653846153846154	0.692307692307692	0.250000000000000	0.346153846153846	0.653846153846154	0.711538461538462
1098	0.423076923076923	0.442307692307692	0.615384615384615	0.730769230769231	0.423076923076923	0.500000000000000	0.538461538461538	0.576923076923077	0.596153846153846
1253	0.600000000000000	0.571428571428572	0.557142857142857	0.557142857142857	0.385714285714286	0.185714285714286	0.500000000000000	0.528571428571429	0.428571428571429
1100	0.655172413793104	0.551724137931035	0.689655172413793	0.568965517241379	0.517241379310345	0.517241379310345	0.586206896551724	0.586206896551724	0.586206896551724
1147	0.612500000000000	0.662500000000000	0.331250000000000	0.387500000000000	0.475000000000000	0.343750000000000	0.625000000000000	0.437500000000000	0.612500000000000
1148	0.581632653061225	0.581632653061225	0.346938775510204	0.448979591836735	0.500000000000000	0.260204081632653	0.540816326530612	0.438775510204082	0.418367346938776
582	0.220338983050847	0.542372881355932	0.338983050847458	0.355932203389831	0.457627118644068	0.584745762711864	0.398305084745763	0.542372881355932	0.169491525423729
630	0.437500000000000	0.406250000000000	0.359375000000000	0.804687500000000	0.328125000000000	0.468750000000000	0.609375000000000	0.406250000000000	0.281250000000000
580	0.513513513513514	0.418918918918919	0.337837837837838	0.547297297297297	0.655405405405405	0.432432432432432	0.736486486486487	0.648648648648649	0.189189189189189
581	0.333333333333333	0.619047619047619	0.253968253968254	0.547619047619048	0.515873015873016	0.801587301587302	0.436507936507936	0.793650793650793	0.119047619047619
662	0.380281690140845	0.366197183098592	0.140845070422535	0.373239436619718	0.211267605633803	0.274647887323944	0.619718309859155	0.521126760563380	0.422535211267606
661	0.603174603174603	0.428571428571429	0.246031746031746	0.539682539682540	0.500000000000000	0.341269841269841	0.809523809523809	0.809523809523810	0.507936507936508
663	0.211764705882353	0.141176470588235	0.00588235294117647	0.217647058823529	0.0823529411764706	0.147058823529412	0.352941176470588	0.305882352941177	0.282352941176471
601	0.148148148148148	0.407407407407407	0.185185185185185	0.222222222222222	0.407407407407407	0.351851851851852	0.444444444444444	0.555555555555556	0.222222222222222
543	0.336206896551724	0.387931034482759	0.543103448275862	0.413793103448276	0.448275862068966	0.318965517241379	0.465517241379310	0.413793103448276	0.137931034482759
541	0.565789473684211	0.552631578947368	0.513157894736842	0.565789473684211	0.750000000000000	0.368421052631579	0.368421052631579	0.355263157894737	0.368421052631579
542	0.375000000000000	0.562500000000000	0.531250000000000	0.520833333333333	0.708333333333333	0.312500000000000	0.354166666666667	0.510416666666667	0.229166666666667
193	0.612500000000000	0.487500000000000	0.525000000000000	0.437500000000000	0.425000000000000	0.187500000000000	0.650000000000000	0.275000000000000	0.550000000000000
194	0.609090909090909	0.363636363636364	0.409090909090909	0.509090909090909	0.654545454545455	0.181818181818182	0.745454545454546	0.236363636363636	0.545454545454546
25	0.666666666666667	0.400000000000000	0.433333333333333	0.575000000000000	0.416666666666667	0.300000000000000	0.550000000000000	0.633333333333334	0.600000000000000
24	0.673076923076923	0.307692307692308	0.480769230769231	0.394230769230769	0.442307692307692	0.490384615384615	0.384615384615385	0.730769230769231	0.596153846153846
22	0.629629629629630	0.629629629629630	0.333333333333333	0.740740740740741	0.481481481481481	0.370370370370370	0.500000000000000	0.296296296296296	0.555555555555556
124	0.736842105263158	0.736842105263158	0.473684210526316	0.684210526315789	0.526315789473684	0.368421052631579	0.342105263157895	0.210526315789474	0.631578947368421
110	0.388888888888889	0.611111111111111	0.833333333333333	0.722222222222222	0.722222222222222	0.416666666666667	0.416666666666667	0.250000000000000	0.611111111111111
21	0.600000000000000	0.742857142857143	0.285714285714286	0.728571428571429	0.471428571428572	0.385714285714286	0.657142857142857	0.371428571428571	0.457142857142857
23	0.714285714285714	0.238095238095238	0.523809523809524	0.511904761904762	0.428571428571429	0.583333333333333	0.571428571428571	0.571428571428571	0.642857142857143
114	0.520000000000000	0.360000000000000	0.560000000000000	0.360000000000000	0.280000000000000	0.240000000000000	0.480000000000000	0.360000000000000	0.840000000000000
121	0.583333333333333	0.520833333333333	0.520833333333333	0.812500000000000	0.562500000000000	0.562500000000000	0.479166666666667	0.333333333333333	0.625000000000000
19	0.333333333333333	0.222222222222222	0.666666666666667	0.625000000000000	0.541666666666667	0.833333333333333	0.555555555555556	0.416666666666667	0.611111111111111
119	0.710526315789474	0.618421052631579	0.565789473684210	0.526315789473684	0.394736842105263	0.842105263157895	0.289473684210526	0.447368421052632	0.473684210526316
122	0.470588235294118	0.382352941176471	0.558823529411765	0.764705882352941	0.529411764705882	0.500000000000000	0.411764705882353	0.352941176470588	0.411764705882353
120	0.666666666666667	0.625000000000000	0.437500000000000	0.583333333333333	0.541666666666667	0.750000000000000	0.375000000000000	0.520833333333333	0.375000000000000
123	0.642857142857143	0.678571428571429	0.678571428571429	0.500000000000000	0.500000000000000	0.500000000000000	0.500000000000000	0.0714285714285714	0.714285714285714
56	0.724137931034483	0.620689655172414	0.431034482758621	0.431034482758621	0.344827586206897	0.775862068965517	0.206896551724138	0.482758620689655	0.551724137931035
53	0.572916666666667	0.645833333333333	0.552083333333333	0.562500000000000	0.468750000000000	0.645833333333333	0.177083333333333	0.500000000000000	0.520833333333333
16	0.636363636363636	0.518181818181818	0.518181818181818	0.409090909090909	0.509090909090909	0.854545454545455	0.572727272727273	0.381818181818182	0.509090909090909
184	0.265822784810127	0.443037974683544	0.449367088607595	0.398734177215190	0.481012658227848	0.335443037974684	0.594936708860760	0.405063291139241	0.512658227848101
15	0.677419354838710	0.548387096774194	0.645161290322581	0.403225806451613	0.225806451612903	0.741935483870968	0.516129032258065	0.580645161290323	0.516129032258065
185	0.354166666666667	0.645833333333333	0.593750000000000	0.270833333333333	0.447916666666667	0.520833333333334	0.270833333333333	0.427083333333333	0.406250000000000
183	0.394366197183099	0.492957746478873	0.436619718309859	0.352112676056338	0.366197183098592	0.535211267605634	0.535211267605634	0.436619718309859	0.570422535211268
497	0.250000000000000	0.459677419354839	0.500000000000000	0.403225806451613	0.290322580645161	0.451612903225806	0.572580645161290	0.500000000000000	0.467741935483871
496	0.365079365079365	0.404761904761905	0.476190476190476	0.619047619047619	0.349206349206349	0.595238095238095	0.460317460317460	0.349206349206349	0.238095238095238
500	0.136363636363636	0.590909090909091	0.363636363636364	0.409090909090909	0.454545454545455	0.454545454545455	0.590909090909091	0.454545454545455	0.522727272727273
14	0.629032258064516	0.451612903225806	0.612903225806452	0.419354838709677	0.258064516129032	0.741935483870968	0.612903225806452	0.322580645161290	0.387096774193548
498	0.208333333333333	0.666666666666667	0.500000000000000	0.333333333333333	0.500000000000000	0.375000000000000	0.666666666666667	0.416666666666667	0.416666666666667
523	0.551136363636364	0.579545454545455	0.528409090909091	0.465909090909091	0.647727272727273	0.511363636363636	0.573863636363636	0.460227272727273	0.556818181818182
522	0.471428571428572	0.371428571428571	0.428571428571429	0.464285714285714	0.385714285714286	0.464285714285714	0.442857142857143	0.471428571428571	0.478571428571429
561	0.395833333333333	0.375000000000000	0.500000000000000	0.291666666666667	0.625000000000000	0.479166666666667	0.458333333333333	0.645833333333333	0.520833333333333
521	0.441860465116279	0.255813953488372	0.186046511627907	0.290697674418605	0.232558139534884	0.337209302325581	0.313953488372093	0.186046511627907	0.302325581395349
718	0.611111111111111	0.555555555555556	0.388888888888889	0.500000000000000	0.444444444444445	0.666666666666667	0.638888888888889	0.555555555555556	0.361111111111111
715	0.392857142857143	0.321428571428571	0.321428571428571	0.428571428571429	0.178571428571429	0.571428571428571	0.535714285714286	0.607142857142857	0.392857142857143
708	0.222222222222222	0.666666666666667	0.222222222222222	0	0.277777777777778	0.722222222222222	0.888888888888889	0.222222222222222	0.333333333333333
713	0.555555555555556	0.555555555555556	0.555555555555556	0.111111111111111	0.444444444444444	0.555555555555556	0.638888888888889	0.722222222222222	0.388888888888889
686	0.285714285714286	0.500000000000000	0.428571428571429	0.178571428571429	0.500000000000000	0.464285714285714	0.535714285714286	0.535714285714286	0.267857142857143
712	0.517241379310345	0.620689655172414	0.379310344827586	0.0344827586206897	0.310344827586207	0.655172413793103	0.396551724137931	0.724137931034483	0.172413793103448
685	0.413793103448276	0.620689655172414	0.482758620689655	0.120689655172414	0.482758620689655	0.500000000000000	0.448275862068966	0.741379310344828	0.413793103448276
670	0.446428571428571	0.357142857142857	0.464285714285714	0.446428571428571	0.125000000000000	0.375000000000000	0.517857142857143	0.571428571428571	0.500000000000000
669	0.390625000000000	0.312500000000000	0.343750000000000	0.187500000000000	0.203125000000000	0.171875000000000	0.453125000000000	0.562500000000000	0.312500000000000
701	0.700000000000000	0.300000000000000	0.400000000000000	0.500000000000000	0.500000000000000	0.300000000000000	0.600000000000000	0.700000000000000	0.400000000000000
716	0.446808510638298	0.382978723404255	0.361702127659574	0.563829787234043	0.468085106382979	0.489361702127660	0.574468085106383	0.468085106382979	0.585106382978724
717	0.488636363636364	0.375000000000000	0.363636363636364	0.454545454545455	0.477272727272727	0.420454545454546	0.556818181818182	0.534090909090909	0.659090909090909
1084	0.522988505747126	0.448275862068966	0.431034482758621	0.425287356321839	0.620689655172414	0.747126436781609	0.517241379310345	0.689655172413793	0.609195402298850
1083	0.500000000000000	0.518518518518519	0.561728395061728	0.419753086419753	0.493827160493827	0.716049382716050	0.604938271604938	0.635802469135803	0.728395061728395
1195	0.452380952380952	0.500000000000000	0.416666666666667	0.690476190476191	0.500000000000000	0.714285714285714	0.488095238095238	0.583333333333333	0.714285714285714
1194	0.553571428571429	0.517857142857143	0.464285714285714	0.803571428571428	0.607142857142857	0.642857142857143	0.678571428571428	0.660714285714286	0.678571428571428
1260	0.421428571428572	0.507142857142857	0.271428571428571	0.421428571428571	0.614285714285714	0.571428571428572	0.414285714285714	0.485714285714286	0.707142857142857
1196	0.676470588235294	0.500000000000000	0.294117647058824	0.514705882352941	0.617647058823529	0.558823529411765	0.661764705882353	0.544117647058824	0.573529411764706
1197	0.571428571428571	0.464285714285714	0.250000000000000	0.482142857142857	0.500000000000000	0.839285714285714	0.392857142857143	0.625000000000000	0.553571428571429
1261	0.474358974358974	0.294871794871795	0.423076923076923	0.461538461538461	0.743589743589744	0.487179487179487	0.448717948717949	0.487179487179487	0.615384615384615
792	0.625000000000000	0.520833333333333	0.583333333333333	0.395833333333333	0.645833333333333	0.770833333333333	0.604166666666667	0.375000000000000	0.583333333333333
795	0.532258064516129	0.725806451612903	0.500000000000000	0.467741935483871	0.548387096774194	0.362903225806452	0.467741935483871	0.556451612903226	0.548387096774194
1199	0.350000000000000	0.500000000000000	0.400000000000000	0.150000000000000	0.700000000000000	0.475000000000000	0.200000000000000	0.350000000000000	0.350000000000000
1262	0.359375000000000	0.343750000000000	0.390625000000000	0.218750000000000	0.656250000000000	0.593750000000000	0.296875000000000	0.359375000000000	0.484375000000000
794	0.330188679245283	0.603773584905660	0.433962264150943	0.566037735849057	0.594339622641509	0.415094339622642	0.415094339622642	0.641509433962264	0.452830188679245
1201	0.333333333333333	0.444444444444444	0.703703703703704	0.555555555555556	0.370370370370370	0.425925925925926	0.444444444444444	0.222222222222222	0.462962962962963
1204	0.607142857142857	0.642857142857143	0.285714285714286	0.571428571428571	0.642857142857143	0.660714285714286	0.285714285714286	0.392857142857143	0.464285714285714
1235	0.472222222222222	0.611111111111111	0.444444444444445	0.500000000000000	0.583333333333333	0.569444444444444	0.444444444444445	0.569444444444445	0.513888888888889
1205	0.787500000000000	0.512500000000000	0.400000000000000	0.475000000000000	0.650000000000000	0.450000000000000	0.375000000000000	0.500000000000000	0.412500000000000
1206	0.531914893617021	0.372340425531915	0.500000000000000	0.457446808510638	0.382978723404255	0.521276595744681	0.617021276595745	0.563829787234043	0.425531914893617
793	0.531250000000000	0.562500000000000	0.609375000000000	0.500000000000000	0.531250000000000	0.515625000000000	0.640625000000000	0.546875000000000	0.531250000000000
1202	0.280000000000000	0.540000000000000	0.640000000000000	0.440000000000000	0.400000000000000	0.180000000000000	0.600000000000000	0.380000000000000	0.420000000000000
1234	0.359375000000000	0.500000000000000	0.312500000000000	0.562500000000000	0.562500000000000	0.578125000000000	0.468750000000000	0.578125000000000	0.562500000000000
1207	0.441860465116279	0.511627906976744	0.534883720930233	0.604651162790698	0.627906976744186	0.337209302325581	0.418604651162791	0.558139534883721	0.604651162790698
1236	0.458333333333333	0.708333333333333	0.687500000000000	0.791666666666667	0.666666666666667	0.333333333333333	0.458333333333333	0.416666666666667	0.791666666666667
1208	0.448979591836735	0.469387755102041	0.397959183673469	0.428571428571429	0.663265306122449	0.306122448979592	0.693877551020408	0.489795918367347	0.500000000000000
1254	0.621621621621622	0.486486486486487	0.540540540540541	0.513513513513514	0.567567567567568	0.310810810810811	0.662162162162162	0.864864864864865	0.297297297297297
1256	0.321428571428571	0.660714285714286	0.428571428571429	0.660714285714286	0.321428571428571	0.232142857142857	0.750000000000000	0.821428571428571	0.839285714285714
1209	0.380434782608696	0.565217391304348	0.423913043478261	0.326086956521739	0.760869565217391	0.413043478260870	0.750000000000000	0.521739130434783	0.434782608695652
1164	0.477272727272727	0.636363636363636	0.500000000000000	0.454545454545455	0.306818181818182	0.250000000000000	0.795454545454545	0.693181818181818	0.602272727272727
1255	0.487804878048781	0.560975609756098	0.451219512195122	0.463414634146342	0.439024390243903	0.170731707317073	0.463414634146341	0.804878048780488	0.524390243902439
1163	0.400000000000000	0.600000000000000	0.733333333333333	0.500000000000000	0.266666666666667	0.400000000000000	0.666666666666667	0.733333333333333	0.700000000000000
1165	0.535714285714286	0.589285714285714	0.696428571428571	0.571428571428571	0.660714285714286	0.321428571428571	0.642857142857143	0.696428571428571	0.553571428571429
1122	0.573770491803279	0.631147540983607	0.418032786885246	0.573770491803279	0.557377049180328	0.131147540983607	0.475409836065574	0.557377049180328	0.418032786885246
1124	0.468085106382979	0.276595744680851	0.382978723404255	0.329787234042553	0.404255319148936	0.255319148936170	0.414893617021277	0.468085106382979	0.297872340425532
583	0.192307692307692	0.346153846153846	0.153846153846154	0.192307692307692	0.423076923076923	0.288461538461538	0.346153846153846	0.500000000000000	0.230769230769231
584	0.225490196078431	0.215686274509804	0.176470588235294	0.0588235294117647	0.294117647058824	0.284313725490196	0.137254901960784	0.294117647058824	0.0784313725490196
586	0.0161290322580645	0	0	0	0	0.00806451612903226	0.0161290322580645	0.0161290322580645	0
664	0.164179104477612	0.134328358208955	0	0.164179104477612	0.0895522388059701	0.0970149253731343	0.283582089552239	0.238805970149254	0.268656716417910
650	0.526315789473684	0.230263157894737	0.236842105263158	0.355263157894737	0.421052631578947	0.282894736842105	0.460526315789474	0.105263157894737	0.434210526315790
652	0.105263157894737	0.0789473684210526	0.0131578947368421	0.0789473684210526	0.0855263157894737	0.0394736842105263	0.118421052631579	0	0.105263157894737
651	0.265822784810127	0.177215189873418	0.126582278481013	0.189873417721519	0.221518987341772	0.151898734177215	0.405063291139241	0.0506329113924051	0.303797468354430
545	0.181818181818182	0.272727272727273	0.397727272727273	0.159090909090909	0.272727272727273	0.250000000000000	0.318181818181818	0.454545454545455	0.0454545454545455
544	0.188679245283019	0.330188679245283	0.339622641509434	0.169811320754717	0.320754716981132	0.386792452830189	0.283018867924528	0.405660377358491	0.0188679245283019
195	0.580645161290323	0.290322580645161	0.532258064516129	0.564516129032258	0.483870967741936	0.322580645161290	0.741935483870968	0.411290322580645	0.596774193548387
546	0.193181818181818	0.181818181818182	0.329545454545455	0.272727272727273	0.363636363636364	0.227272727272727	0.204545454545455	0.409090909090909	0.0909090909090909
196	0.338461538461539	0.292307692307692	0.376923076923077	0.523076923076923	0.392307692307692	0.246153846153846	0.600000000000000	0.523076923076923	0.515384615384615
26	0.700000000000000	0.611111111111111	0.511111111111111	0.755555555555556	0.455555555555556	0.266666666666667	0.688888888888889	0.644444444444444	0.444444444444445
197	0.177966101694915	0.118644067796610	0.279661016949153	0.355932203389831	0.322033898305085	0.152542372881356	0.322033898305085	0.322033898305085	0.313559322033898
29	0.714285714285714	0.535714285714286	0.392857142857143	0.714285714285714	0.392857142857143	0.500000000000000	0.714285714285714	0.857142857142857	0.392857142857143
118	0.369230769230769	0.569230769230769	0.484615384615385	0.753846153846154	0.315384615384615	0.423076923076923	0.638461538461539	0.684615384615385	0.600000000000000
116	0.660714285714286	0.392857142857143	0.464285714285714	0.553571428571429	0.303571428571429	0.303571428571429	0.553571428571429	0.535714285714286	0.357142857142857
115	0.375000000000000	0.500000000000000	0.708333333333333	0.479166666666667	0.208333333333333	0.333333333333333	0.375000000000000	0.458333333333333	0.666666666666667
90	0.396226415094340	0.452830188679245	0.386792452830189	0.471698113207547	0.320754716981132	0.150943396226415	0.396226415094340	0.452830188679245	0.339622641509434
88	0.340000000000000	0.620000000000000	0.600000000000000	0.760000000000000	0.520000000000000	0.400000000000000	0.460000000000000	0.280000000000000	0.440000000000000
113	0.545454545454545	0.409090909090909	0.727272727272727	0.659090909090909	0.500000000000000	0.318181818181818	0.568181818181818	0.409090909090909	0.636363636363637
112	0.527777777777778	0.777777777777778	0.527777777777778	0.833333333333334	0.555555555555556	0.416666666666667	0.583333333333333	0.222222222222222	0.555555555555556
111	0.758620689655172	0.741379310344828	0.482758620689655	0.793103448275862	0.517241379310345	0.551724137931034	0.500000000000000	0.379310344827586	0.517241379310345
109	0.361111111111111	0.527777777777778	0.500000000000000	0.722222222222222	0.444444444444445	0.472222222222222	0.472222222222222	0.555555555555556	0.555555555555556
62	0.0625000000000000	0.203125000000000	0.250000000000000	0.156250000000000	0.156250000000000	0.0625000000000000	0.250000000000000	0.156250000000000	0.343750000000000
87	0.236842105263158	0.526315789473684	0.421052631578947	0.500000000000000	0.342105263157895	0.368421052631579	0.473684210526316	0.394736842105263	0.421052631578947
63	0.0263157894736842	0.105263157894737	0.0263157894736842	0.105263157894737	0	0.0263157894736842	0.105263157894737	0.0263157894736842	0.184210526315789
89	0.428571428571429	0.742857142857143	0.528571428571429	0.628571428571429	0.514285714285714	0.285714285714286	0.328571428571429	0.514285714285714	0.500000000000000
59	0.333333333333333	0.333333333333333	0.111111111111111	0.0555555555555556	0.111111111111111	0.777777777777778	0.555555555555556	0.777777777777778	0.777777777777778
58	0.413793103448276	0.500000000000000	0.413793103448276	0.275862068965517	0.137931034482759	0.586206896551724	0.396551724137931	0.344827586206897	0.482758620689655
61	0.173913043478261	0.173913043478261	0.260869565217391	0.152173913043478	0.217391304347826	0.304347826086957	0.369565217391304	0.391304347826087	0.478260869565217
60	0.222222222222222	0.500000000000000	0.444444444444444	0.166666666666667	0.111111111111111	0.222222222222222	0.166666666666667	0.222222222222222	0.444444444444444
55	0.541666666666667	0.562500000000000	0.333333333333333	0.479166666666667	0.625000000000000	0.562500000000000	0.250000000000000	0.229166666666667	0.666666666666667
52	0.757142857142857	0.514285714285714	0.557142857142857	0.414285714285714	0.257142857142857	0.657142857142857	0.214285714285714	0.514285714285714	0.585714285714286
57	0.619047619047619	0.428571428571429	0.142857142857143	0.357142857142857	0.166666666666667	0.714285714285714	0.309523809523810	0.500000000000000	0.285714285714286
54	0.640000000000000	0.580000000000000	0.480000000000000	0.460000000000000	0.480000000000000	0.660000000000000	0.260000000000000	0.500000000000000	0.500000000000000
51	0.661290322580645	0.516129032258065	0.580645161290323	0.709677419354839	0.387096774193548	0.483870967741935	0.354838709677419	0.532258064516129	0.548387096774194
50	0.578947368421053	0.710526315789474	0.421052631578947	0.0526315789473684	0.605263157894737	0.894736842105263	0.315789473684211	0.868421052631579	0.421052631578947
12	0.652173913043478	0.130434782608696	0.478260869565217	0.195652173913043	0.434782608695652	0.565217391304348	0.608695652173913	0.543478260869565	0.565217391304348
182	0.259036144578313	0.313253012048193	0.265060240963855	0.186746987951807	0.186746987951807	0.349397590361446	0.295180722891566	0.361445783132530	0.445783132530121
13	0.738095238095238	0.285714285714286	0.547619047619048	0.428571428571429	0.476190476190476	0.571428571428571	0.619047619047619	0.571428571428571	0.452380952380952
495	0.453333333333333	0.380000000000000	0.373333333333333	0.586666666666667	0.306666666666667	0.560000000000000	0.306666666666667	0.293333333333333	0.313333333333333
494	0.162500000000000	0.275000000000000	0.150000000000000	0.300000000000000	0.118750000000000	0.325000000000000	0.212500000000000	0.193750000000000	0.262500000000000
509	0.272727272727273	0.393939393939394	0.0303030303030303	0.181818181818182	0.0909090909090909	0.303030303030303	0.242424242424242	0.242424242424242	0.333333333333333
493	0.0277777777777778	0.0277777777777778	0.0277777777777778	0.0555555555555556	0	0.0277777777777778	0	0	0.0138888888888889
519	0.263157894736842	0	0.105263157894737	0.210526315789474	0.184210526315789	0.171052631578947	0.118421052631579	0.118421052631579	0.105263157894737
518	0.200000000000000	0	0.0571428571428571	0.0428571428571429	0.171428571428571	0.0714285714285714	0.114285714285714	0.0714285714285714	0.0571428571428571
520	0.447368421052632	0.0263157894736842	0.210526315789474	0.355263157894737	0.197368421052632	0.342105263157895	0.263157894736842	0.276315789473684	0.223684210526316
517	0	0	0	0	0	0	0	0	0
668	0.238095238095238	0.0952380952380952	0.119047619047619	0.0476190476190476	0.166666666666667	0.0714285714285714	0.190476190476190	0.214285714285714	0.0952380952380952
684	0.219512195121951	0.512195121951220	0.121951219512195	0.0487804878048781	0.0365853658536585	0.219512195121951	0.353658536585366	0.536585365853659	0.243902439024390
683	0.0625000000000000	0.156250000000000	0.0937500000000000	0.0625000000000000	0.0312500000000000	0.0937500000000000	0.125000000000000	0.218750000000000	0.156250000000000
682	0.0285714285714286	0	0.0285714285714286	0	0.0285714285714286	0.0142857142857143	0.0285714285714286	0.0285714285714286	0.0285714285714286
667	0.0555555555555556	0	0.0555555555555556	0	0.0555555555555556	0.0277777777777778	0.0555555555555556	0.0555555555555556	0.0555555555555556
671	0.365384615384615	0.576923076923077	0.365384615384615	0.442307692307692	0.153846153846154	0.365384615384615	0.692307692307692	0.596153846153846	0.538461538461538
720	0.100000000000000	0.300000000000000	0.100000000000000	0.300000000000000	0.200000000000000	0.400000000000000	0.0500000000000000	0.0500000000000000	0.350000000000000
721	0.333333333333333	0.138888888888889	0.222222222222222	0.277777777777778	0.472222222222222	0.166666666666667	0.388888888888889	0.152777777777778	0.319444444444444
714	0.571428571428571	0.357142857142857	0.357142857142857	0.285714285714286	0.214285714285714	0.428571428571429	0.464285714285714	0.464285714285714	0.250000000000000
719	0.500000000000000	0.277777777777778	0.444444444444444	0.527777777777778	0.444444444444444	0.555555555555556	0.555555555555556	0.222222222222222	0.305555555555556
727	0.0578512396694215	0.00826446280991736	0.0165289256198347	0.0413223140495868	0.0578512396694215	0	0.0578512396694215	0.0165289256198347	0.0578512396694215
1265	0.312500000000000	0.281250000000000	0.187500000000000	0.296875000000000	0.312500000000000	0.359375000000000	0.343750000000000	0.203125000000000	0.437500000000000
1264	0.207142857142857	0.300000000000000	0.178571428571429	0.307142857142857	0.171428571428571	0.314285714285714	0.271428571428571	0.242857142857143	0.300000000000000
1191	0.528846153846154	0.326923076923077	0.384615384615385	0.471153846153846	0.759615384615385	0.692307692307692	0.519230769230769	0.528846153846154	0.682692307692308
778	0.528571428571429	0.557142857142857	0.428571428571429	0.428571428571429	0.685714285714286	0.528571428571429	0.471428571428572	0.485714285714286	0.628571428571429
1082	0.166666666666667	0.166666666666667	0.250000000000000	0.166666666666667	0.500000000000000	0.375000000000000	0.291666666666667	0.250000000000000	0.375000000000000
1192	0.572916666666667	0.541666666666667	0.416666666666667	0.552083333333333	0.468750000000000	0.541666666666667	0.541666666666667	0.583333333333333	0.625000000000000
1193	0.515151515151515	0.666666666666667	0.500000000000000	0.727272727272727	0.545454545454545	0.696969696969697	0.484848484848485	0.712121212121212	0.515151515151515
787	0.510204081632653	0.459183673469388	0.520408163265306	0.306122448979592	0.397959183673469	0.591836734693878	0.387755102040816	0.510204081632653	0.428571428571429
873	0.483333333333333	0.333333333333333	0.466666666666667	0.466666666666667	0.366666666666667	0.633333333333333	0.250000000000000	0.550000000000000	0.466666666666667
789	0.544117647058824	0.338235294117647	0.352941176470588	0.514705882352941	0.397058823529412	0.676470588235294	0.500000000000000	0.544117647058824	0.573529411764706
788	0.568181818181818	0.340909090909091	0.568181818181818	0.272727272727273	0.386363636363636	0.681818181818182	0.318181818181818	0.477272727272727	0.340909090909091
828	0.541666666666667	0.333333333333333	0.583333333333333	0.416666666666667	0.583333333333333	0.666666666666667	0.750000000000000	0.291666666666667	0.583333333333333
829	0.500000000000000	0.678571428571429	0.642857142857143	0.428571428571429	0.446428571428571	0.803571428571429	0.392857142857143	0.464285714285714	0.607142857142857
790	0.615384615384615	0.423076923076923	0.538461538461538	0.557692307692308	0.480769230769231	0.730769230769231	0.576923076923077	0.346153846153846	0.519230769230769
791	0.666666666666667	0.333333333333333	0.555555555555556	0.277777777777778	0.638888888888889	0.833333333333333	0.388888888888889	0.500000000000000	0.388888888888889
831	0.0625000000000000	0.0625000000000000	0.125000000000000	0.0625000000000000	0.187500000000000	0.187500000000000	0.0625000000000000	0.312500000000000	0.250000000000000
830	0.473684210526316	0.473684210526316	0.210526315789474	0.368421052631579	0.342105263157895	0.421052631578947	0.105263157894737	0.421052631578947	0.157894736842105
850	0.166666666666667	0.0416666666666667	0.250000000000000	0.0833333333333333	0.145833333333333	0.0625000000000000	0.125000000000000	0.250000000000000	0
832	0	0.218750000000000	0.0625000000000000	0.0937500000000000	0.125000000000000	0.0468750000000000	0	0.125000000000000	0.0937500000000000
833	0	0	0	0	0	0	0	0	0
796	0.611111111111111	0.590277777777778	0.597222222222222	0.347222222222222	0.652777777777778	0.201388888888889	0.375000000000000	0.569444444444444	0.277777777777778
849	0.103448275862069	0.0689655172413793	0.206896551724138	0.137931034482759	0.172413793103448	0.0862068965517241	0	0.172413793103448	0
797	0.625000000000000	0.492187500000000	0.515625000000000	0.250000000000000	0.492187500000000	0.250000000000000	0.312500000000000	0.484375000000000	0.304687500000000
851	0.0370370370370370	0.111111111111111	0.259259259259259	0.222222222222222	0.0370370370370370	0.0185185185185185	0.111111111111111	0.148148148148148	0
798	0.395833333333333	0.687500000000000	0.479166666666667	0.291666666666667	0.593750000000000	0.385416666666667	0.333333333333333	0.270833333333333	0.375000000000000
799	0.400000000000000	0.612500000000000	0.375000000000000	0.325000000000000	0.500000000000000	0.537500000000000	0.325000000000000	0.225000000000000	0.450000000000000
800	0.397435897435897	0.589743589743590	0.397435897435897	0.564102564102564	0.743589743589744	0.525641025641026	0.448717948717949	0.384615384615385	0.294871794871795
1238	0.659090909090909	0.636363636363636	0.590909090909091	0.613636363636364	0.590909090909091	0.181818181818182	0.590909090909091	0.545454545454545	0.590909090909091
801	0.500000000000000	0.380000000000000	0.460000000000000	0.720000000000000	0.820000000000000	0.580000000000000	0.720000000000000	0.540000000000000	0.320000000000000
1240	0.586956521739130	0.695652173913044	0.478260869565217	0.521739130434783	0.586956521739130	0.173913043478261	0.630434782608696	0.434782608695652	0.478260869565217
1210	0.351351351351351	0.608108108108108	0.310810810810811	0.364864864864865	0.635135135135135	0.405405405405405	0.743243243243243	0.540540540540541	0.689189189189189
1241	0.500000000000000	0.379310344827586	0.310344827586207	0.517241379310345	0.706896551724138	0.310344827586207	0.448275862068966	0.189655172413793	0.482758620689655
1239	0.500000000000000	0.444444444444444	0.500000000000000	0.555555555555556	0.500000000000000	0.111111111111111	0.555555555555556	0.444444444444444	0.500000000000000
802	0.378378378378378	0.418918918918919	0.337837837837838	0.716216216216216	0.554054054054054	0.554054054054054	0.702702702702703	0.310810810810811	0.351351351351351
1242	0.369565217391304	0.557971014492754	0.463768115942029	0.521739130434783	0.652173913043478	0.536231884057971	0.608695652173913	0.340579710144928	0.420289855072464
1212	0.579365079365079	0.698412698412698	0.261904761904762	0.349206349206349	0.357142857142857	0.460317460317460	0.380952380952381	0.523809523809524	0.563492063492064
1211	0.329787234042553	0.734042553191489	0.446808510638298	0.276595744680851	0.553191489361702	0.340425531914894	0.702127659574468	0.734042553191489	0.702127659574468
1257	0.657142857142857	0.871428571428571	0.557142857142857	0.414285714285714	0.600000000000000	0.314285714285714	0.571428571428571	0.757142857142857	0.542857142857143
1258	0.425531914893617	0.680851063829787	0.521276595744681	0.425531914893617	0.457446808510638	0.297872340425532	0.425531914893617	0.702127659574468	0.531914893617021
1166	0.357142857142857	0.469387755102041	0.663265306122449	0.520408163265306	0.571428571428571	0.377551020408163	0.469387755102041	0.642857142857143	0.591836734693878
1123	0.380000000000000	0.460000000000000	0.420000000000000	0.460000000000000	0.500000000000000	0.380000000000000	0.600000000000000	0.800000000000000	0.350000000000000
1167	0.196721311475410	0.278688524590164	0.254098360655738	0.295081967213115	0.229508196721311	0.344262295081967	0.262295081967213	0.278688524590164	0.213114754098361
1127	0.200000000000000	0.181818181818182	0.118181818181818	0.163636363636364	0.172727272727273	0.218181818181818	0.236363636363636	0.181818181818182	0.0909090909090909
1125	0.367346938775510	0.255102040816327	0.306122448979592	0.306122448979592	0.336734693877551	0.326530612244898	0.397959183673469	0.367346938775510	0.224489795918367
1126	0.250000000000000	0.150000000000000	0.137500000000000	0.175000000000000	0.237500000000000	0.250000000000000	0.275000000000000	0.275000000000000	0.162500000000000
1128	0.0806451612903226	0.0483870967741936	0.0322580645161290	0.0322580645161290	0.0645161290322581	0.0806451612903226	0.0967741935483871	0.0322580645161290	0.0403225806451613
1149	0.237569060773481	0.243093922651934	0.182320441988950	0.209944751381216	0.209944751381215	0.124309392265193	0.198895027624309	0.204419889502762	0.185082872928177
604	0.125000000000000	0	0	0.125000000000000	0.125000000000000	0	0	0.125000000000000	0.125000000000000
602	0.139344262295082	0.213114754098361	0.131147540983607	0.188524590163934	0.278688524590164	0.204918032786885	0.163934426229508	0.245901639344262	0.172131147540984
603	0.184210526315789	0.0877192982456140	0.0526315789473684	0.228070175438596	0.175438596491228	0.0877192982456140	0.0526315789473684	0.245614035087719	0.175438596491228
605	0.0204081632653061	0	0	0.0204081632653061	0.0204081632653061	0	0	0.0204081632653061	0.0204081632653061
606	0	0	0	0	0	0	0	0	0
585	0.115384615384615	0.0897435897435897	0.115384615384615	0	0.115384615384615	0.0897435897435897	0.153846153846154	0.205128205128205	0.0769230769230769
587	0	0	0	0	0	0	0	0	0
665	0.0602409638554217	0	0	0.0180722891566265	0.0240963855421687	0	0.0602409638554217	0.0602409638554217	0.0602409638554217
653	0	0	0	0	0	0	0	0	0
654	0	0	0	0	0	0	0	0	0
548	0.0365853658536585	0	0	0.0365853658536585	0.0365853658536585	0.0365853658536585	0	0.0365853658536585	0
547	0.0625000000000000	0.0312500000000000	0.0312500000000000	0.0625000000000000	0.0625000000000000	0.109375000000000	0	0.140625000000000	0
199	0	0	0	0	0	0	0	0	0
30	0.346153846153846	0.692307692307692	0.384615384615385	0.615384615384615	0.192307692307692	0.576923076923077	0.692307692307692	0.307692307692308	0.346153846153846
198	0.0724637681159420	0.115942028985507	0.0869565217391304	0.159420289855072	0.159420289855072	0.0434782608695652	0.188405797101449	0.188405797101449	0.123188405797101
34	0.227272727272727	0.318181818181818	0.227272727272727	0.181818181818182	0.272727272727273	0.295454545454545	0.454545454545455	0.181818181818182	0.204545454545455
32	0.428571428571429	0.428571428571429	0.285714285714286	0.285714285714286	0.285714285714286	0.571428571428571	0.714285714285714	0.285714285714286	0.500000000000000
33	0.338235294117647	0.352941176470588	0.264705882352941	0.382352941176471	0.205882352941176	0.279411764705882	0.323529411764706	0.264705882352941	0.176470588235294
93	0.155555555555556	0.266666666666667	0.255555555555556	0.533333333333333	0.333333333333333	0.311111111111111	0.466666666666667	0.477777777777778	0.533333333333333
117	0.607142857142857	0.357142857142857	0.446428571428571	0.535714285714286	0.410714285714286	0.428571428571429	0.625000000000000	0.678571428571428	0.428571428571429
28	0.636363636363637	0.727272727272727	0.454545454545455	0.909090909090909	0.454545454545455	0.363636363636364	0.818181818181818	0.818181818181818	0.545454545454546
27	0.673913043478261	0.652173913043478	0.652173913043478	0.826086956521739	0.673913043478261	0.239130434782609	0.826086956521739	0.630434782608696	0.391304347826087
31	0.375000000000000	0.750000000000000	0.500000000000000	0.583333333333333	0.125000000000000	0.625000000000000	0.750000000000000	0.250000000000000	0.416666666666667
92	0.405405405405405	0.635135135135135	0.540540540540541	0.702702702702703	0.364864864864865	0.432432432432432	0.432432432432432	0.621621621621622	0.405405405405405
91	0.384615384615385	0.538461538461538	0.615384615384615	0.564102564102564	0.282051282051282	0.256410256410256	0.384615384615385	0.435897435897436	0.282051282051282
85	0	0	0	0	0	0	0	0	0
84	0	0	0	0	0	0	0	0	0
82	0	0	0	0	0	0	0	0	0
66	0	0	0	0	0	0	0	0	0
83	0	0	0	0	0	0	0	0	0
65	0	0	0	0	0	0	0	0	0
64	0	0.0857142857142857	0	0.0857142857142857	0	0	0	0.0285714285714286	0.0857142857142857
180	0	0	0	0	0	0	0	0	0
170	0	0	0	0	0	0	0	0	0
176	0	0	0	0	0	0	0	0	0
169	0	0	0	0	0	0	0	0	0
144	0	0	0	0	0	0	0	0	0
179	0	0	0	0	0	0	0	0	0
143	0	0	0	0	0	0	0	0	0
142	0	0	0	0	0	0	0	0	0
178	0	0	0	0	0	0	0	0	0
177	0	0	0	0	0	0	0	0	0
141	0	0	0	0	0	0	0	0	0
140	0	0	0	0	0	0	0	0	0
139	0	0	0.0454545454545455	0.0454545454545455	0.0227272727272727	0	0.0454545454545455	0.0454545454545455	0.0454545454545455
129	0.294117647058824	0.323529411764706	0.411764705882353	0.441176470588235	0.411764705882353	0.323529411764706	0.264705882352941	0.411764705882353	0.588235294117647
138	0	0	0.0500000000000000	0.0500000000000000	0.0250000000000000	0.0500000000000000	0.0750000000000000	0.0500000000000000	0.0500000000000000
137	0	0	0.0909090909090909	0.0909090909090909	0.0454545454545455	0.136363636363636	0.159090909090909	0.0909090909090909	0.0909090909090909
128	0.363636363636364	0.545454545454546	0.727272727272727	0.727272727272727	0.363636363636364	0.272727272727273	0.363636363636364	0.500000000000000	0.909090909090909
127	0.608695652173913	0.652173913043478	0.782608695652174	0.456521739130435	0.521739130434783	0.304347826086957	0.521739130434783	0.543478260869565	0.695652173913044
49	0.636363636363637	0.409090909090909	0.545454545454546	0.363636363636364	0.272727272727273	0.636363636363637	0.636363636363637	0.590909090909091	0.636363636363637
132	0.117647058823529	0	0	0.117647058823529	0	0.117647058823529	0.117647058823529	0	0.117647058823529
134	0.230769230769231	0	0.153846153846154	0.307692307692308	0.0769230769230769	0.230769230769231	0.384615384615385	0.0769230769230769	0.307692307692308
10	0.500000000000000	0	0.250000000000000	0.250000000000000	0.500000000000000	0.250000000000000	0.625000000000000	0.500000000000000	0.125000000000000
11	0.333333333333333	0	0.333333333333333	0.333333333333333	0.222222222222222	0.777777777777778	0.777777777777778	0.555555555555556	0.666666666666667
48	0.428571428571429	0.214285714285714	0.428571428571429	0.178571428571429	0.214285714285714	0.571428571428571	0.642857142857143	0.392857142857143	0.535714285714286
181	0	0	0	0	0	0	0	0	0
492	0	0	0	0	0	0	0	0	0
506	0	0	0	0	0	0	0	0	0
505	0	0	0	0	0	0	0	0	0
504	0	0	0	0	0	0	0	0	0
508	0.0645161290322581	0.129032258064516	0	0.129032258064516	0.0645161290322581	0.129032258064516	0.0645161290322581	0.129032258064516	0.0645161290322581
507	0.0384615384615385	0.0769230769230769	0	0.0769230769230769	0.0384615384615385	0.0769230769230769	0.0384615384615385	0.0769230769230769	0.0384615384615385
666	0	0	0	0	0	0	0	0	0
516	0	0	0	0	0	0	0	0	0
515	0	0	0	0	0	0	0	0	0
725	0	0	0	0	0	0	0	0	0
726	0	0	0	0	0	0	0	0	0
728	0	0	0	0	0	0	0	0	0
765	0	0	0	0	0	0	0	0	0
776	0.239130434782609	0.152173913043478	0.173913043478261	0.173913043478261	0.304347826086957	0.239130434782609	0.217391304347826	0.304347826086957	0.217391304347826
1081	0	0.0357142857142857	0	0.0714285714285714	0.107142857142857	0.0714285714285714	0.0892857142857143	0.0357142857142857	0.0714285714285714
777	0.465517241379310	0.500000000000000	0.206896551724138	0.275862068965517	0.482758620689655	0.396551724137931	0.224137931034483	0.448275862068966	0.379310344827586
775	0.100000000000000	0.0500000000000000	0.0500000000000000	0.0500000000000000	0.0500000000000000	0.100000000000000	0.100000000000000	0.0500000000000000	0.100000000000000
772	0.0526315789473684	0	0.0526315789473684	0.0526315789473684	0.0526315789473684	0.0526315789473684	0.0526315789473684	0.0526315789473684	0.0526315789473684
774	0.160000000000000	0.0800000000000000	0.0800000000000000	0.0800000000000000	0.0800000000000000	0.160000000000000	0.160000000000000	0.0800000000000000	0.160000000000000
786	0.500000000000000	0.470588235294118	0.362745098039216	0.352941176470588	0.519607843137255	0.549019607843137	0.411764705882353	0.549019607843137	0.352941176470588
784	0.0606060606060606	0.181818181818182	0.121212121212121	0.151515151515152	0.151515151515152	0.0909090909090909	0.212121212121212	0.181818181818182	0.0909090909090909
874	0.420000000000000	0.300000000000000	0.440000000000000	0.460000000000000	0.240000000000000	0.760000000000000	0.140000000000000	0.440000000000000	0.360000000000000
875	0.500000000000000	0.333333333333333	0.0555555555555556	0.666666666666667	0.222222222222222	0.555555555555556	0.333333333333333	0.444444444444444	0.388888888888889
876	0.357142857142857	0.357142857142857	0.285714285714286	0.428571428571429	0	0.571428571428571	0.142857142857143	0.285714285714286	0.357142857142857
890	0	0.0222222222222222	0	0	0	0.0222222222222222	0	0.0222222222222222	0
877	0.137931034482759	0.189655172413793	0.0172413793103448	0.206896551724138	0.0344827586206897	0.275862068965517	0	0.137931034482759	0.0517241379310345
880	0.176470588235294	0.176470588235294	0.0588235294117647	0.176470588235294	0.147058823529412	0.235294117647059	0	0.0588235294117647	0
951	0	0	0	0	0	0	0	0	0
882	0	0	0	0	0	0	0	0	0
884	0	0	0	0	0	0	0	0	0
883	0	0	0	0	0	0.0357142857142857	0	0.0357142857142857	0.0357142857142857
878	0	0.111111111111111	0	0.222222222222222	0	0.333333333333333	0	0.111111111111111	0
879	0	0	0	0.0769230769230769	0	0.0769230769230769	0	0	0
881	0	0	0	0	0	0	0	0	0
927	0	0	0	0	0	0	0	0	0
954	0	0	0	0	0	0	0	0	0
952	0	0	0	0	0	0	0	0	0
834	0	0	0	0	0	0	0	0	0
955	0	0	0	0	0	0	0	0	0
835	0	0	0	0	0	0	0	0	0
852	0	0.0416666666666667	0.0416666666666667	0.0416666666666667	0.0208333333333333	0	0	0	0
853	0.0333333333333333	0.0666666666666667	0.0333333333333333	0.0333333333333333	0.0833333333333333	0.0333333333333333	0.0333333333333333	0.0500000000000000	0.0666666666666667
854	0.0517241379310345	0.137931034482759	0.137931034482759	0.137931034482759	0.137931034482759	0.189655172413793	0.172413793103448	0.120689655172414	0.155172413793103
867	0.135135135135135	0.324324324324324	0.351351351351351	0.297297297297297	0.486486486486487	0.175675675675676	0.270270270270270	0.378378378378378	0.364864864864865
837	0	0	0	0	0	0	0	0	0
856	0.0208333333333333	0.166666666666667	0.208333333333333	0.208333333333333	0.166666666666667	0.0416666666666667	0.0416666666666667	0	0.0416666666666667
855	0	0.0625000000000000	0.125000000000000	0.0625000000000000	0.125000000000000	0.0625000000000000	0	0.0625000000000000	0.0625000000000000
868	0.181818181818182	0.500000000000000	0.454545454545455	0.272727272727273	0.386363636363636	0.181818181818182	0.113636363636364	0.409090909090909	0.340909090909091
823	0.444444444444444	0.629629629629630	0.500000000000000	0.703703703703704	0.648148148148148	0.407407407407407	0.888888888888889	0.407407407407407	0.481481481481481
824	0.315789473684211	0.736842105263158	0.500000000000000	0.394736842105263	0.500000000000000	0.315789473684211	0.578947368421053	0.473684210526316	0.605263157894737
1243	0.256410256410256	0.500000000000000	0.435897435897436	0.500000000000000	0.282051282051282	0.423076923076923	0.512820512820513	0.448717948717949	0.435897435897436
803	0.564516129032258	0.677419354838710	0.483870967741935	0.758064516129032	0.338709677419355	0.516129032258065	0.645161290322581	0.290322580645161	0.661290322580645
804	0.428571428571429	0.380952380952381	0.380952380952381	0.404761904761905	0.166666666666667	0.202380952380952	0.452380952380952	0.214285714285714	0.369047619047619
1226	0.260000000000000	0.160000000000000	0.100000000000000	0.110000000000000	0.0500000000000000	0.140000000000000	0.0600000000000000	0.160000000000000	0.160000000000000
1213	0.279069767441860	0.441860465116279	0.174418604651163	0.162790697674419	0.127906976744186	0.372093023255814	0.116279069767442	0.162790697674419	0.209302325581395
1225	0.473684210526316	0.381578947368421	0.184210526315789	0.328947368421053	0.131578947368421	0.289473684210526	0.289473684210526	0.407894736842105	0.447368421052632
1168	0	0.0158730158730159	0.00793650793650794	0.0793650793650794	0.0396825396825397	0.0158730158730159	0.0793650793650794	0	0.0793650793650794
1215	0	0	0	0	0	0	0	0	0
1214	0.107142857142857	0.107142857142857	0.0357142857142857	0.0714285714285714	0	0.107142857142857	0.0714285714285714	0.0714285714285714	0.0714285714285714
1169	0	0	0	0.0232558139534884	0.0116279069767442	0	0.0232558139534884	0	0.0232558139534884
1170	0	0	0	0	0	0	0	0	0
1130	0	0	0	0	0	0	0	0	0
1129	0	0	0	0	0	0	0	0	0
1150	0.0629370629370629	0.0419580419580420	0.0629370629370629	0.0629370629370629	0.0419580419580420	0.0314685314685315	0.0419580419580420	0.0629370629370629	0.0209790209790210
1151	0	0	0	0	0	0	0	0	0
608	0	0	0	0	0	0	0	0	0
607	0	0	0	0	0	0	0	0	0
588	0	0	0	0	0	0	0	0	0
590	0	0	0	0	0	0	0	0	0
589	0	0	0	0	0	0	0	0	0
655	0	0	0	0	0	0	0	0	0
549	0	0	0	0	0	0	0	0	0
550	0	0	0	0	0	0	0	0	0
201	0	0	0	0	0	0	0	0	0
551	0	0	0	0	0	0	0	0	0
200	0	0	0	0	0	0	0	0	0
41	0.0370370370370370	0.0185185185185185	0.0370370370370370	0	0.0370370370370370	0	0.0370370370370370	0	0.0370370370370370
37	0.214285714285714	0.142857142857143	0.214285714285714	0.0714285714285714	0.214285714285714	0.107142857142857	0.285714285714286	0.0714285714285714	0.142857142857143
38	0.111111111111111	0.0555555555555556	0	0	0.0555555555555556	0.166666666666667	0.166666666666667	0.0555555555555556	0.111111111111111
36	0.176470588235294	0.117647058823529	0.117647058823529	0.0588235294117647	0.176470588235294	0.117647058823529	0.235294117647059	0.0588235294117647	0.147058823529412
40	0	0	0	0	0	0	0	0	0
39	0.134615384615385	0.0769230769230769	0.115384615384615	0	0.153846153846154	0.0384615384615385	0.153846153846154	0.0192307692307692	0.192307692307692
35	0.153846153846154	0.115384615384615	0.153846153846154	0.0769230769230769	0.153846153846154	0.115384615384615	0.230769230769231	0.0769230769230769	0.0769230769230769
94	0.0819672131147541	0.213114754098361	0.196721311475410	0.196721311475410	0.254098360655738	0.0983606557377049	0.360655737704918	0.352459016393443	0.377049180327869
96	0	0.0277777777777778	0.0277777777777778	0	0.0277777777777778	0	0.0277777777777778	0.0277777777777778	0.0277777777777778
95	0.0833333333333333	0.166666666666667	0.166666666666667	0.0833333333333333	0.250000000000000	0.138888888888889	0.250000000000000	0.166666666666667	0.208333333333333
68	0	0	0	0	0	0	0	0	0
69	0	0	0	0	0	0	0	0	0
172	0	0	0	0	0	0	0	0	0
67	0	0	0	0	0	0	0	0	0
171	0	0	0	0	0	0	0	0	0
150	0	0	0	0	0	0	0	0	0
148	0	0	0	0	0	0	0	0	0
149	0	0	0	0	0	0	0	0	0
146	0	0	0	0	0	0	0	0	0
147	0	0	0	0	0	0	0	0	0
261	0	0	0	0	0	0	0	0	0
286	0	0	0	0	0	0	0	0	0
262	0	0	0	0	0	0	0	0	0
285	0	0	0	0	0	0	0	0	0
259	0	0	0	0	0	0	0	0	0
283	0	0	0	0	0	0	0	0	0
282	0	0	0	0	0	0	0	0	0
241	0	0	0	0	0	0	0	0	0
239	0	0	0	0	0	0	0	0	0
242	0	0	0	0	0	0	0	0	0
136	0.461538461538462	0.500000000000000	0.307692307692308	0.423076923076923	0.230769230769231	0.423076923076923	0.192307692307692	0.384615384615385	0.384615384615385
281	0	0	0	0	0	0	0	0	0
238	0	0.173913043478261	0.173913043478261	0	0	0.0869565217391304	0	0.0869565217391304	0.173913043478261
7	0	0	0	0	0	0	0	0	0
9	0.147058823529412	0.0588235294117647	0.0588235294117647	0	0.147058823529412	0	0.176470588235294	0.176470588235294	0.0588235294117647
130	0	0	0	0	0	0	0	0	0
5	0	0	0	0	0	0	0	0	0
6	0	0	0	0	0	0	0	0	0
8	0	0	0	0	0	0	0	0	0
491	0	0	0	0	0	0	0	0	0
489	0	0	0	0	0	0	0	0	0
490	0	0	0	0	0	0	0	0	0
485	0	0	0	0	0	0	0	0	0
488	0	0	0	0	0	0	0	0	0
484	0	0	0	0	0	0	0	0	0
514	0	0	0	0	0	0	0	0	0
483	0	0	0	0	0	0	0	0	0
722	0	0	0	0	0	0	0	0	0
723	0	0	0	0	0	0	0	0	0
513	0	0	0	0	0	0	0	0	0
510	0	0	0	0	0	0	0	0	0
724	0	0	0	0	0	0	0	0	0
763	0	0	0	0	0	0	0	0	0
764	0	0	0	0	0	0	0	0	0
746	0	0	0	0	0	0	0	0	0
749	0	0	0	0	0	0	0	0	0
745	0	0	0	0	0	0	0	0	0
1077	0	0	0	0	0	0	0	0	0
1079	0	0	0	0	0	0	0	0	0
1263	0	0.0833333333333333	0.0833333333333333	0.166666666666667	0.0833333333333333	0.166666666666667	0.166666666666667	0.0833333333333333	0.166666666666667
769	0	0	0	0	0	0	0	0	0
748	0	0	0	0	0	0	0	0	0
747	0	0	0	0	0	0	0	0	0
785	0.257575757575758	0.363636363636364	0.303030303030303	0.303030303030303	0.242424242424242	0.393939393939394	0.272727272727273	0.303030303030303	0.287878787878788
773	0	0	0	0	0	0	0	0	0
887	0.0952380952380952	0	0	0.0952380952380952	0.0952380952380952	0	0.0952380952380952	0.0952380952380952	0.0952380952380952
888	0.185185185185185	0.0370370370370370	0.111111111111111	0.0740740740740741	0.0740740740740741	0.0370370370370370	0.0370370370370370	0.0740740740740741	0.166666666666667
886	0	0	0	0	0	0	0	0	0
889	0.157894736842105	0.0526315789473684	0.0526315789473684	0.105263157894737	0.105263157894737	0.0526315789473684	0.105263157894737	0.157894736842105	0.157894736842105
946	0	0	0	0	0	0	0	0	0
948	0	0	0	0	0	0	0	0	0
922	0	0	0	0	0	0	0	0	0
899	0	0	0	0	0	0	0	0	0
947	0	0	0	0	0	0	0	0	0
949	0	0	0	0	0	0	0	0	0
950	0	0	0	0	0	0	0	0	0
902	0	0	0	0	0	0	0	0	0
923	0	0	0	0	0	0	0	0	0
924	0	0	0	0	0	0	0	0	0
925	0	0	0	0	0	0	0	0	0
904	0	0	0	0	0	0	0	0	0
905	0	0	0	0	0	0	0	0	0
906	0	0	0	0	0	0	0	0	0
907	0	0	0	0	0	0	0	0	0
1049	0	0	0	0	0	0	0	0	0
928	0	0	0	0	0	0	0	0	0
926	0	0	0	0	0	0	0	0	0
929	0	0	0	0	0	0	0	0	0
909	0	0	0	0	0	0	0	0	0
930	0	0	0	0	0	0	0	0	0
910	0	0	0	0	0	0	0	0	0
931	0	0	0	0	0	0	0	0	0
911	0	0	0	0	0	0	0	0	0
940	0	0	0	0	0	0	0	0	0
838	0	0	0	0	0	0	0	0	0
939	0	0	0	0	0	0	0	0	0
932	0	0	0	0	0	0	0	0	0
836	0	0	0	0	0	0	0	0	0
839	0	0	0	0	0	0	0	0	0
869	0.206896551724138	0.344827586206897	0.275862068965517	0.241379310344828	0.293103448275862	0.206896551724138	0.224137931034483	0.275862068965517	0.379310344827586
825	0.476190476190476	0.523809523809524	0.357142857142857	0.142857142857143	0.309523809523810	0.238095238095238	0.285714285714286	0.238095238095238	0.571428571428571
858	0	0.133333333333333	0.133333333333333	0.133333333333333	0.133333333333333	0.133333333333333	0.0666666666666667	0.133333333333333	0
857	0.120000000000000	0.200000000000000	0.120000000000000	0.0400000000000000	0.240000000000000	0.0800000000000000	0.120000000000000	0.120000000000000	0.180000000000000
859	0	0	0	0	0	0	0	0	0
870	0	0.0666666666666667	0	0	0	0	0	0	0
827	0	0	0	0	0	0	0	0	0
826	0.142857142857143	0	0.142857142857143	0	0.142857142857143	0	0.142857142857143	0.142857142857143	0.142857142857143
805	0.0256410256410256	0.0256410256410256	0.0256410256410256	0.0256410256410256	0	0.0128205128205128	0.0256410256410256	0	0
817	0.0256410256410256	0.0256410256410256	0.0256410256410256	0.0256410256410256	0	0.0128205128205128	0.0256410256410256	0	0
818	0	0	0	0	0	0	0	0	0
816	0	0	0	0	0	0	0	0	0
871	0	0	0	0	0	0	0	0	0
819	0	0	0	0	0	0	0	0	0
1227	0.0270270270270270	0.0270270270270270	0	0	0	0.0270270270270270	0	0	0
1228	0	0	0	0	0	0	0	0	0
1216	0	0	0	0	0	0	0	0	0
1229	0	0	0	0	0	0	0	0	0
1217	0	0	0	0	0	0	0	0	0
1172	0	0	0	0	0	0	0	0	0
1171	0	0	0	0	0	0	0	0	0
1174	0	0	0	0	0	0	0	0	0
1173	0	0	0	0	0	0	0	0	0
1131	0	0	0	0	0	0	0	0	0
1132	0	0	0	0	0	0	0	0	0
1133	0	0	0	0	0	0	0	0	0
1152	0	0	0	0	0	0	0	0	0
552	0	0	0	0	0	0	0	0	0
42	0	0	0	0	0	0	0	0	0
44	0	0	0	0	0	0	0	0	0
43	0	0	0	0	0	0	0	0	0
45	0	0	0	0	0	0	0	0	0
79	0	0	0	0	0	0	0	0	0
104	0	0	0	0	0	0	0	0	0
174	0	0	0	0	0	0	0	0	0
70	0	0	0	0	0	0	0	0	0
98	0	0	0	0	0	0	0	0	0
73	0	0	0	0	0	0	0	0	0
173	0	0	0	0	0	0	0	0	0
164	0	0	0	0	0	0	0	0	0
161	0	0	0	0	0	0	0	0	0
152	0	0	0	0	0	0	0	0	0
279	0	0	0	0	0	0	0	0	0
258	0	0	0	0	0	0	0	0	0
257	0	0	0	0	0	0	0	0	0
256	0	0	0	0	0	0	0	0	0
254	0	0	0	0	0	0	0	0	0
252	0	0	0	0	0	0	0	0	0
255	0	0	0	0	0	0	0	0	0
240	0	0	0	0	0	0	0	0	0
249	0	0	0	0	0	0	0	0	0
247	0	0	0	0	0	0	0	0	0
237	0	0	0	0	0	0	0	0	0
236	0	0	0	0	0	0	0	0	0
244	0	0	0	0	0	0	0	0	0
131	0	0	0.111111111111111	0.111111111111111	0	0	0.111111111111111	0	0.111111111111111
445	0	0	0	0	0	0	0	0	0
446	0	0	0	0	0	0	0	0	0
762	0	0	0	0	0	0	0	0	0
770	0	0	0	0	0	0	0	0	0
1076	0	0	0	0	0	0	0	0	0
768	0	0	0	0	0	0	0	0	0
781	0	0	0	0	0	0	0	0	0
780	0	0	0	0	0	0	0	0	0
1078	0	0	0	0	0	0	0	0	0
783	0	0	0	0	0	0	0	0	0
771	0	0	0	0	0	0	0	0	0
779	0	0	0	0	0	0	0	0	0
782	0	0	0	0	0	0	0	0	0
885	0	0	0	0	0	0	0	0	0
894	0	0	0	0	0	0	0	0	0
895	0	0	0	0	0	0	0	0	0
896	0	0	0	0	0	0	0	0	0
900	0	0	0	0	0	0	0	0	0
1071	0	0	0	0	0	0	0	0	0
901	0	0	0	0	0	0	0	0	0
1062	0	0	0	0	0	0	0	0	0
1046	0	0	0	0	0	0	0	0	0
1051	0	0	0	0	0	0	0	0	0
1050	0	0	0	0	0	0	0	0	0
913	0	0	0	0	0	0	0	0	0
941	0	0	0	0	0	0	0	0	0
942	0	0	0	0	0	0	0	0	0
840	0	0	0	0	0	0	0	0	0
915	0	0	0	0	0	0	0	0	0
933	0	0	0	0	0	0	0	0	0
934	0	0	0	0	0	0	0	0	0
935	0	0	0	0	0	0	0	0	0
938	0	0	0	0	0	0	0	0	0
841	0	0	0	0	0	0	0	0	0
865	0	0	0	0	0	0	0	0	0
844	0	0	0	0	0	0	0	0	0
860	0	0	0	0	0	0	0	0	0
861	0	0	0	0	0	0	0	0	0
872	0	0	0	0	0	0	0	0	0
807	0	0	0	0	0	0	0	0	0
820	0	0	0	0	0	0	0	0	0
806	0	0	0	0	0	0	0	0	0
1230	0	0	0	0	0	0	0	0	0
1218	0	0	0	0	0	0	0	0	0
1134	0	0	0	0	0	0	0	0	0
1153	0	0	0	0	0	0	0	0	0
105	0	0	0	0	0	0	0	0	0
99	0	0	0	0	0	0	0	0	0
75	0	0	0	0	0	0	0	0	0
72	0	0	0	0	0	0	0	0	0
71	0	0	0	0	0	0	0	0	0
74	0	0	0	0	0	0	0	0	0
78	0	0	0	0	0	0	0	0	0
175	0	0	0	0	0	0	0	0	0
154	0	0	0	0	0	0	0	0	0
361	0	0	0	0	0	0	0	0	0
360	0	0	0	0	0	0	0	0	0
358	0	0	0	0	0	0	0	0	0
248	0	0	0	0	0	0	0	0	0
246	0	0	0	0	0	0	0	0	0
892	0	0	0	0	0	0	0	0	0
893	0	0	0	0	0	0	0	0	0
1068	0	0	0	0	0	0	0	0	0
1069	0	0	0	0	0	0	0	0	0
1042	0	0	0	0	0	0	0	0	0
1070	0	0	0	0	0	0	0	0	0
1066	0	0	0	0	0	0	0	0	0
1044	0	0	0	0	0	0	0	0	0
919	0	0	0	0	0	0	0	0	0
917	0	0	0	0	0	0	0	0	0
943	0	0	0	0	0	0	0	0	0
845	0	0	0	0	0	0	0	0	0
842	0	0	0	0	0	0	0	0	0
623	0.416666666666667	0.541666666666667	0.375000000000000	0.583333333333333	0.375000000000000	0.395833333333333	0.583333333333333	0.208333333333333	0.416666666666667
1246	0.692307692307692	0.538461538461539	0.461538461538462	0.500000000000000	0.230769230769231	0.769230769230769	0.538461538461539	0.692307692307692	0.615384615384615
86	0.200000000000000	0.400000000000000	0.400000000000000	0.400000000000000	0.400000000000000	0.800000000000000	0.500000000000000	0.600000000000000	0.600000000000000
135	0.300000000000000	0.200000000000000	0.400000000000000	0.250000000000000	0.100000000000000	0.250000000000000	0.400000000000000	0.150000000000000	0.400000000000000
125	0.562500000000000	0.406250000000000	0.562500000000000	0.625000000000000	0.437500000000000	0.500000000000000	0.375000000000000	0.312500000000000	0.562500000000000
126	1	0.300000000000000	0.200000000000000	0.800000000000000	0.200000000000000	0.800000000000000	0.900000000000000	0.200000000000000	0.600000000000000
953	0	0	0	0	0	0	0	0	0
848	0	0.125000000000000	0	0	0	0	0	0	0
591	0	0	0	0	0	0	0	0	0
151	0	0	0	0	0	0	0	0	0
284	0	0	0	0	0	0	0	0	0
260	0	0	0	0	0	0	0	0	0
133	0.200000000000000	0	0.0666666666666667	0.200000000000000	0	0.200000000000000	0.266666666666667	0	0.200000000000000
4	0	0	0	0	0	0	0	0	0
486	0	0	0	0	0	0	0	0	0
512	0	0	0	0	0	0	0	0	0
511	0	0	0	0	0	0	0	0	0
1080	0	0	0	0	0	0	0	0	0
903	0	0	0	0	0	0	0	0	0
1047	0	0	0	0	0	0	0	0	0
1048	0	0	0	0	0	0	0	0	0
908	0	0	0	0	0	0	0	0	0
47	0	0	0	0	0	0	0	0	0
278	0	0	0	0	0	0	0	0	0
245	0	0	0	0	0	0	0	0	0
3	0	0	0	0	0	0	0	0	0
2	0	0	0	0	0	0	0	0	0
897	0	0	0	0	0	0	0	0	0
1045	0	0	0	0	0	0	0	0	0
1052	0	0	0	0	0	0	0	0	0
1054	0	0	0	0	0	0	0	0	0
916	0	0	0	0	0	0	0	0	0
813	0	0	0	0	0	0	0	0	0
1175	0	0	0	0	0	0	0	0	0
97	0	0	0	0	0	0	0	0	0
76	0	0	0	0	0	0	0	0	0
403	0	0	0	0	0	0	0	0	0
359	0	0	0	0	0	0	0	0	0
253	0	0	0	0	0	0	0	0	0
936	0	0	0	0	0	0	0	0	0
866	0	0	0	0	0	0	0	0	0
168	0	0	0	0	0	0	0	0	0
656	0	0	0	0	0	0	0	0	0
162	0	0	0	0	0	0	0	0	0
235	0	0	0	0	0	0	0	0	0
443	0	0	0	0	0	0	0	0	0
912	0	0	0	0	0	0	0	0	0
914	0	0	0	0	0	0	0	0	0
862	0	0	0	0	0	0	0	0	0
155	0	0	0	0	0	0	0	0	0
243	0	0	0	0	0	0	0	0	0
1043	0	0	0	0	0	0	0	0	0
944	0	0	0	0	0	0	0	0	0
1176	0	0	0	0	0	0	0	0	0
163	0	0	0	0	0	0	0	0	0
251	0	0	0	0	0	0	0	0	0
898	0	0	0	0	0	0	0	0	0
80	0	0	0	0	0	0	0	0	0
597	0	0	0	0	0	0	0	0	0
145	0	0	0	0	0	0	0	0	0
153	0	0	0	0	0	0	0	0	0
364	0	0	0	0	0	0	0	0	0
444	0	0	0	0	0	0	0	0	0
1058	0	0	0	0	0	0	0	0	0
158	0	0	0	0	0	0	0	0	0
363	0	0	0	0	0	0	0	0	0
357	0	0	0	0	0	0	0	0	0
1041	0	0	0	0	0	0	0	0	0
891	0	0	0	0	0	0	0	0	0
918	0	0	0	0	0	0	0	0	0
937	0	0	0	0	0	0	0	0	0
487	0	0	0	0	0	0	0	0	0
157	0	0	0	0	0	0	0	0	0
362	0	0	0	0	0	0	0	0	0