834	9
621	0.533333333333333	0.566666666666667	0.377777777777778	0.455555555555556	0.533333333333333	0.677777777777778	0.388888888888889	0.588888888888889	0.633333333333333
631	0.536585365853659	0.487804878048781	0.0853658536585366	0.707317073170732	0.451219512195122	0.243902439024390	0.292682926829268	0.500000000000000	0.500000000000000
620	0.569767441860465	0.616279069767442	0.418604651162791	0.406976744186046	0.465116279069768	0.476744186046512	0.209302325581395	0.593023255813954	0.325581395348837
622	0.480769230769231	0.538461538461538	0.307692307692308	0.538461538461538	0.653846153846154	0.826923076923077	0.519230769230769	0.557692307692308	0.673076923076923
573	0.800000000000000	0.677777777777778	0.333333333333333	0.744444444444445	0.488888888888889	0.711111111111111	0.500000000000000	0.755555555555555	0.622222222222222
572	0.702127659574468	0.595744680851064	0.319148936170213	0.531914893617021	0.351063829787234	0.627659574468085	0.563829787234043	0.648936170212766	0.627659574468085
570	0.687500000000000	0.650000000000000	0.287500000000000	0.437500000000000	0.162500000000000	0.287500000000000	0.312500000000000	0.250000000000000	0.287500000000000
571	0.785714285714286	0.630952380952381	0.166666666666667	0.488095238095238	0.166666666666667	0.571428571428571	0.416666666666667	0.511904761904762	0.571428571428571
574	0.781818181818182	0.709090909090909	0.209090909090909	0.836363636363637	0.518181818181818	0.845454545454546	0.509090909090909	0.772727272727273	0.772727272727273
694	0.872340425531915	0.574468085106383	0.372340425531915	0.457446808510638	0.276595744680851	0.287234042553191	0.468085106382979	0.627659574468085	0.521276595744681
696	0.807692307692308	0.365384615384615	0.115384615384615	0.596153846153846	0.423076923076923	0.269230769230769	0.250000000000000	0.384615384615385	0.461538461538462
700	0.767857142857143	0.571428571428571	0.571428571428571	0.517857142857143	0.535714285714286	0.464285714285714	0.285714285714286	0.464285714285714	0.500000000000000
699	0.521739130434783	0.869565217391304	0.456521739130435	0.478260869565217	0.304347826086957	0.586956521739131	0.347826086956522	0.630434782608696	0.543478260869565
693	0.918918918918919	0.729729729729730	0.797297297297297	0.608108108108108	0.459459459459460	0.540540540540541	0.716216216216216	0.729729729729730	0.675675675675676
625	0.513888888888889	0.472222222222222	0.0277777777777778	0.708333333333333	0.347222222222222	0.347222222222222	0.513888888888889	0.638888888888889	0.694444444444444
626	0.607142857142857	0.654761904761905	0.214285714285714	0.678571428571429	0.333333333333333	0.333333333333333	0.547619047619048	0.488095238095238	0.738095238095238
624	0.625000000000000	0.562500000000000	0.175000000000000	0.800000000000000	0.662500000000000	0.575000000000000	0.500000000000000	0.675000000000000	0.537500000000000
576	0.795454545454545	0.636363636363636	0.482954545454545	0.914772727272727	0.568181818181818	0.835227272727273	0.590909090909091	0.642045454545455	0.772727272727273
575	0.716417910447761	0.679104477611940	0.283582089552239	0.858208955223881	0.664179104477612	0.843283582089552	0.559701492537314	0.716417910447761	0.858208955223881
641	0.524590163934426	0.639344262295082	0.516393442622951	0.409836065573771	0.622950819672131	0.270491803278689	0.500000000000000	0.614754098360656	0.606557377049180
642	0.705882352941177	0.696078431372549	0.529411764705882	0.509803921568628	0.774509803921569	0.519607843137255	0.705882352941176	0.843137254901961	0.784313725490196
643	0.825757575757576	0.765151515151515	0.522727272727273	0.780303030303030	0.871212121212121	0.742424242424242	0.848484848484848	0.856060606060606	0.909090909090909
534	1.00000000000000	0.787878787878788	0.787878787878788	0.969696969696970	0.712121212121212	0.893939393939394	0.636363636363636	0.954545454545455	1.00000000000000
532	0.750000000000000	0.600000000000000	0.575000000000000	0.200000000000000	0.450000000000000	0.475000000000000	0.275000000000000	0.650000000000000	0.700000000000000
640	0.461538461538462	0.730769230769231	0.435897435897436	0.256410256410256	0.307692307692308	0.179487179487180	0.269230769230769	0.538461538461538	0.371794871794872
639	0.232758620689655	0.706896551724138	0.241379310344828	0.224137931034483	0.0689655172413793	0.0689655172413793	0.0517241379310345	0.155172413793103	0.0948275862068966
568	0.134615384615385	0.615384615384615	0.230769230769231	0.384615384615385	0.115384615384615	0.0192307692307692	0.153846153846154	0.0384615384615385	0.115384615384615
569	0.306451612903226	0.806451612903226	0.145161290322581	0.629032258064516	0.112903225806452	0.0483870967741936	0.241935483870968	0.161290322580645	0.274193548387097
679	0.450000000000000	0.883333333333333	0.366666666666667	0.300000000000000	0.500000000000000	0.483333333333333	0.116666666666667	0.633333333333333	0.350000000000000
678	0.570175438596491	0.780701754385965	0.456140350877193	0.456140350877193	0.771929824561404	0.491228070175439	0.131578947368421	0.385964912280702	0.350877192982456
698	0.787234042553191	0.851063829787234	0.734042553191489	0.648936170212766	0.329787234042553	0.585106382978723	0.595744680851064	0.734042553191489	0.670212765957447
680	0.333333333333333	0.958333333333333	0.375000000000000	0.291666666666667	0.416666666666667	0.520833333333333	0.208333333333333	0.833333333333333	0.479166666666667
619	0.479166666666667	0.750000000000000	0.395833333333333	0.395833333333333	0.291666666666667	0.312500000000000	0.104166666666667	0.541666666666667	0.375000000000000
1087	0.883333333333333	0.966666666666667	0.983333333333333	0.883333333333333	0.750000000000000	1.00000000000000	0.733333333333333	0.983333333333333	0.916666666666667
1089	0.869565217391304	0.717391304347826	0.891304347826087	0.847826086956522	0.913043478260870	1	0.782608695652174	0.934782608695652	0.717391304347826
616	0.418918918918919	0.243243243243243	0.135135135135135	0.121621621621622	0.513513513513514	0.162162162162162	0	0.216216216216216	0.202702702702703
1103	0.639534883720930	0.941860465116279	0.837209302325581	0.534883720930233	0.825581395348837	0.802325581395349	0.337209302325581	0.848837209302326	0.720930232558140
707	0.788461538461539	1	0.942307692307692	0.875000000000000	0.798076923076923	0.951923076923077	0.346153846153846	0.740384615384616	0.788461538461539
692	0.853658536585366	0.939024390243903	0.804878048780488	0.609756097560976	0.506097560975610	0.750000000000000	0.445121951219512	0.792682926829268	0.731707317073171
1104	0.542857142857143	0.828571428571429	0.714285714285714	0.285714285714286	0.857142857142857	0.642857142857143	0.142857142857143	0.757142857142857	0.800000000000000
1113	0.773809523809524	0.821428571428571	0.464285714285714	0.488095238095238	0.666666666666667	0.666666666666667	0.440476190476191	0.809523809523810	0.261904761904762
1112	0.852272727272727	0.909090909090909	0.875000000000000	0.852272727272727	0.761363636363636	0.795454545454545	0.534090909090909	0.784090909090909	0.659090909090909
695	0.793103448275862	0.568965517241379	0.137931034482759	0.534482758620690	0.396551724137931	0.293103448275862	0.172413793103448	0.689655172413793	0.362068965517241
1109	0.476190476190476	0.142857142857143	0.0119047619047619	0.345238095238095	0.345238095238095	0.261904761904762	0	0.452380952380952	0.309523809523810
697	0.686046511627907	0.302325581395349	0.0116279069767442	0.790697674418605	0.279069767441860	0.244186046511628	0.220930232558140	0.674418604651163	0.406976744186047
632	0.500000000000000	0.268292682926829	0.0365853658536585	0.695121951219512	0.146341463414634	0.0853658536585366	0.341463414634146	0.536585365853659	0.487804878048781
634	0.111111111111111	0.314814814814815	0.425925925925926	0.648148148148148	0	0.0555555555555556	0.398148148148148	0.240740740740741	0.175925925925926
633	0.0673076923076923	0.221153846153846	0.221153846153846	0.769230769230770	0.0384615384615385	0.0673076923076923	0.307692307692308	0.259615384615385	0.192307692307692
1108	0.520833333333333	0.270833333333333	0.0416666666666667	0.322916666666667	0.406250000000000	0.250000000000000	0.0208333333333333	0.625000000000000	0.343750000000000
1107	0.328571428571429	0.285714285714286	0.100000000000000	0.214285714285714	0.357142857142857	0.314285714285714	0.285714285714286	0.485714285714286	0.400000000000000
1111	0.345238095238095	0.154761904761905	0.0952380952380952	0.583333333333333	0.142857142857143	0.273809523809524	0.178571428571429	0.238095238095238	0.0595238095238095
1110	0.427083333333333	0.0937500000000000	0.0312500000000000	0.614583333333333	0.0937500000000000	0.322916666666667	0.0520833333333333	0.531250000000000	0.135416666666667
1106	0.315789473684211	0.460526315789474	0.263157894736842	0.118421052631579	0.526315789473684	0.315789473684211	0.223684210526316	0.736842105263158	0.605263157894737
1105	0.552631578947368	0.750000000000000	0.486842105263158	0.236842105263158	0.631578947368421	0.631578947368421	0.197368421052632	0.894736842105263	0.763157894736842
1102	0.703703703703704	0.916666666666666	0.907407407407407	0.833333333333333	0.740740740740741	0.861111111111111	0.527777777777778	0.870370370370370	0.666666666666667
1114	0.616071428571429	0.330357142857143	0.142857142857143	0.178571428571429	0.383928571428571	0.428571428571429	0.366071428571429	0.830357142857143	0.0982142857142857
1115	0.508474576271186	0.211864406779661	0.0169491525423729	0.0338983050847458	0.296610169491525	0.305084745762712	0.322033898305085	0.542372881355932	0.0847457627118644
627	0.435185185185185	0.509259259259259	0.648148148148148	0.962962962962963	0.194444444444444	0.416666666666667	0.370370370370370	0.314814814814815	0.546296296296296
629	0.419642857142857	0.366071428571429	0.401785714285714	0.696428571428572	0.205357142857143	0.392857142857143	0.687500000000000	0.428571428571429	0.357142857142857
628	0.386904761904762	0.357142857142857	0.761904761904762	0.886904761904762	0.160714285714286	0.428571428571429	0.500000000000000	0.238095238095238	0.321428571428571
635	0.0923076923076923	0.153846153846154	0.384615384615385	0.715384615384615	0.00769230769230769	0.115384615384615	0.307692307692308	0.246153846153846	0.184615384615385
1146	0.0350877192982456	0.210526315789474	0.153508771929825	0.482456140350877	0.105263157894737	0.197368421052632	0.328947368421053	0.346491228070175	0.153508771929825
1145	0	0.0833333333333333	0.125000000000000	0.400000000000000	0.0166666666666667	0.0833333333333333	0.250000000000000	0.300000000000000	0.0500000000000000
1119	0	0.0270270270270270	0.0405405405405405	0.0675675675675676	0	0	0.162162162162162	0.135135135135135	0
1144	0	0.121951219512195	0.0609756097560976	0.170731707317073	0.0121951219512195	0.0243902439024390	0.231707317073171	0.268292682926829	0
1118	0	0.222222222222222	0.0277777777777778	0.166666666666667	0.0416666666666667	0.0694444444444445	0.277777777777778	0.0416666666666667	0
659	0.830508474576271	0.728813559322034	0.898305084745763	0.932203389830508	0.796610169491525	0.805084745762712	0.923728813559322	0.771186440677966	0.915254237288136
658	0.785714285714286	0.901785714285714	0.946428571428571	0.955357142857143	0.821428571428571	1.00000000000000	0.982142857142857	0.901785714285714	0.946428571428572
644	0.892857142857143	0.797619047619047	0.369047619047619	0.880952380952381	0.773809523809524	0.785714285714286	0.892857142857143	0.773809523809524	1
657	0.780701754385965	0.956140350877193	0.815789473684210	0.991228070175439	0.763157894736842	1	0.973684210526316	0.929824561403509	0.991228070175439
578	0.784615384615385	0.576923076923077	0.907692307692308	0.846153846153846	0.546153846153846	0.638461538461538	0.661538461538462	0.500000000000000	0.623076923076923
645	0.822368421052632	0.868421052631579	0.664473684210526	0.973684210526316	0.986842105263158	1.00000000000000	0.986842105263158	0.809210526315790	0.980263157894737
535	1	0.896551724137931	0.896551724137931	1	0.965517241379310	0.982758620689655	0.793103448275862	0.965517241379310	1
537	1.00000000000000	0.954545454545455	0.886363636363636	1.00000000000000	1.00000000000000	1.00000000000000	1.00000000000000	0.965909090909091	1.00000000000000
533	0.941176470588235	0.647058823529412	0.500000000000000	0.588235294117647	0.470588235294118	0.705882352941176	0.294117647058824	0.735294117647059	0.941176470588235
538	1	1	0.858974358974359	1	1	1	1	0.961538461538462	1
553	0.770833333333333	0.625000000000000	0.583333333333333	0.416666666666667	0.562500000000000	0.604166666666667	0.375000000000000	0.708333333333334	0.979166666666667
536	1.00000000000000	0.925925925925926	0.833333333333333	1.00000000000000	0.962962962962963	0.981481481481481	0.962962962962963	0.888888888888889	1.00000000000000
556	0.833333333333333	0.818181818181818	0.848484848484848	0.878787878787879	0.833333333333333	0.681818181818182	0.500000000000000	0.848484848484848	0.969696969696970
554	0.750000000000000	0.604166666666667	0.666666666666667	0.468750000000000	0.552083333333333	0.427083333333333	0.375000000000000	0.718750000000000	0.968750000000000
530	0.262500000000000	0.537500000000000	0.200000000000000	0.112500000000000	0.100000000000000	0.112500000000000	0.175000000000000	0.287500000000000	0.137500000000000
555	0.617647058823529	0.647058823529412	0.794117647058824	0.676470588235294	0.911764705882353	0.617647058823529	0.441176470588235	0.705882352941177	0.852941176470588
531	0.608108108108108	0.594594594594595	0.243243243243243	0.135135135135135	0.148648648648649	0.391891891891892	0.283783783783784	0.297297297297297	0.445945945945946
188	0.418032786885246	0.524590163934426	0.622950819672131	0.459016393442623	0.409836065573771	0.213114754098361	0.336065573770492	0.319672131147541	0.327868852459016
560	0.297297297297297	0.189189189189189	0.418918918918919	0.148648648648649	0.283783783783784	0.108108108108108	0.229729729729730	0.202702702702703	0.337837837837838
559	0.125000000000000	0.0937500000000000	0.125000000000000	0.0625000000000000	0.312500000000000	0.0625000000000000	0.218750000000000	0	0.0625000000000000
529	0.0487804878048781	0.243902439024390	0.0731707317073171	0.170731707317073	0.0853658536585366	0.0121951219512195	0.0243902439024390	0.231707317073171	0.0121951219512195
618	0.423076923076923	0.692307692307692	0.500000000000000	0.153846153846154	0.326923076923077	0.0769230769230769	0.0769230769230769	0.365384615384615	0.134615384615385
557	0.0208333333333333	0.239583333333333	0.0416666666666667	0.156250000000000	0.125000000000000	0.0416666666666667	0.114583333333333	0.218750000000000	0
528	0	0.287500000000000	0.100000000000000	0.0750000000000000	0	0	0	0.200000000000000	0
558	0.0666666666666667	0.166666666666667	0.200000000000000	0.183333333333333	0.0666666666666667	0.0666666666666667	0.100000000000000	0.166666666666667	0.0333333333333333
527	0	0.121621621621622	0.0270270270270270	0	0	0	0	0.0135135135135135	0
638	0.113636363636364	0.386363636363636	0.170454545454545	0.113636363636364	0.0113636363636364	0.0227272727272727	0	0.0454545454545455	0
637	0.275510204081633	0.265306122448980	0.142857142857143	0	0.0918367346938775	0.122448979591837	0	0.102040816326531	0.0408163265306122
636	0.270270270270270	0.189189189189189	0.108108108108108	0	0.256756756756757	0.148648648648649	0	0.216216216216216	0.0675675675675676
567	0.294117647058824	0.411764705882353	0.205882352941176	0.0882352941176471	0.205882352941176	0.235294117647059	0.0294117647058824	0.0588235294117647	0.235294117647059
566	0.384615384615385	0.269230769230769	0.0769230769230769	0.0192307692307692	0.346153846153846	0.230769230769231	0	0.173076923076923	0.153846153846154
617	0.484848484848485	0.424242424242424	0.272727272727273	0.196969696969697	0.545454545454545	0.0606060606060606	0	0.242424242424242	0.0909090909090909
677	0.500000000000000	0.406250000000000	0.510416666666667	0.385416666666667	0.739583333333333	0.406250000000000	0.0520833333333333	0.395833333333333	0.489583333333333
691	0.883720930232558	0.918604651162791	0.848837209302326	0.651162790697675	0.651162790697675	0.860465116279070	0.325581395348837	0.709302325581395	0.686046511627907
675	0.207317073170732	0.475609756097561	0.817073170731708	0.329268292682927	0.682926829268293	0.207317073170732	0.243902439024390	0.682926829268293	0.719512195121951
676	0.371428571428571	0.371428571428571	0.500000000000000	0.300000000000000	0.700000000000000	0.328571428571429	0.100000000000000	0.314285714285714	0.542857142857143
615	0.222222222222222	0.222222222222222	0.194444444444444	0.111111111111111	0.416666666666667	0.222222222222222	0	0.305555555555556	0.194444444444444
690	0.657142857142857	0.800000000000000	0.900000000000000	0.857142857142857	0.885714285714286	0.814285714285714	0.357142857142857	0.485714285714286	0.842857142857143
706	0.807692307692308	0.884615384615385	0.961538461538462	0.782051282051282	0.730769230769231	0.897435897435898	0.500000000000000	0.807692307692308	0.833333333333334
1088	0.916666666666667	0.916666666666667	0.916666666666667	0.916666666666667	1.00000000000000	1.00000000000000	0.916666666666667	0.875000000000000	0.791666666666667
1086	0.954545454545455	1	1.00000000000000	0.727272727272727	0.909090909090909	1.00000000000000	0.736363636363636	1.00000000000000	0.945454545454546
1101	0.787878787878788	0.977272727272727	0.946969696969697	0.901515151515152	0.727272727272727	1.00000000000000	0.719696969696970	0.962121212121212	0.825757575757576
704	0.875000000000000	0.964285714285714	1.00000000000000	0.875000000000000	0.910714285714286	0.982142857142857	0.696428571428571	0.964285714285714	0.982142857142857
1091	0.645833333333333	0.854166666666667	0.708333333333333	0.666666666666667	0.541666666666667	0.479166666666667	0.500000000000000	0.750000000000000	0.583333333333333
1090	0.809523809523810	0.714285714285714	0.785714285714286	0.690476190476191	0.666666666666667	0.714285714285714	0.571428571428571	0.809523809523810	0.714285714285714
1092	0.661290322580645	0.677419354838710	0.596774193548387	0.403225806451613	0.435483870967742	0.564516129032258	0.548387096774194	0.725806451612903	0.387096774193548
1094	0.431818181818182	0.363636363636364	0.318181818181818	0.318181818181818	0.113636363636364	0.159090909090909	0.136363636363636	0.659090909090909	0.500000000000000
1093	0.393939393939394	0.575757575757576	0.348484848484849	0.409090909090909	0.393939393939394	0.287878787878788	0.227272727272727	0.590909090909091	0.393939393939394
1095	0.400000000000000	0.212500000000000	0.0625000000000000	0.0875000000000000	0.200000000000000	0.250000000000000	0.350000000000000	0.625000000000000	0.462500000000000
1250	0.333333333333333	0.0476190476190476	0.238095238095238	0.190476190476190	0	0	0.452380952380952	0.547619047619048	0.142857142857143
1259	0.0833333333333333	0.142857142857143	0.166666666666667	0.119047619047619	0.0238095238095238	0.0119047619047619	0.607142857142857	0.285714285714286	0
1237	0.291666666666667	0.125000000000000	0.125000000000000	0.125000000000000	0.166666666666667	0	0	0.125000000000000	0.0833333333333333
1116	0.194915254237288	0.0847457627118644	0	0.177966101694915	0.203389830508475	0.152542372881356	0.237288135593220	0.186440677966102	0.101694915254237
1096	0.260416666666667	0.0729166666666667	0.0104166666666667	0.0312500000000000	0.104166666666667	0.0208333333333333	0.239583333333333	0.312500000000000	0.333333333333333
1161	0.0465116279069767	0.0116279069767442	0	0.162790697674419	0	0	0.0697674418604651	0	0.0697674418604651
1162	0.0344827586206897	0.0172413793103448	0	0.103448275862069	0	0	0	0.0172413793103448	0.0344827586206897
1117	0.0625000000000000	0.171875000000000	0	0.328125000000000	0.140625000000000	0.203125000000000	0.203125000000000	0.0625000000000000	0
1159	0.0483870967741936	0.169354838709677	0	0.161290322580645	0.0241935483870968	0.0887096774193548	0.137096774193548	0.00806451612903226	0.0161290322580645
1160	0.0666666666666667	0.100000000000000	0	0.0500000000000000	0	0	0.0333333333333333	0	0
1120	0.0357142857142857	0	0	0.0178571428571429	0	0	0	0.303571428571429	0
1121	0.209302325581395	0.0232558139534884	0	0.127906976744186	0	0.0116279069767442	0.220930232558140	0.232558139534884	0.0697674418604651
1099	0.115384615384615	0.0384615384615385	0	0.0769230769230769	0	0	0.0769230769230769	0.0384615384615385	0
660	0.726027397260274	0.780821917808219	0.904109589041096	0.869863013698630	0.821917808219178	0.739726027397260	0.883561643835616	0.849315068493151	0.958904109589041
647	0.903225806451613	0.870967741935484	0.806451612903226	1	0.919354838709677	0.903225806451613	1	1	1
646	0.916666666666667	0.988095238095238	0.916666666666667	1	0.916666666666667	1	1	0.988095238095238	0.988095238095238
577	0.830769230769231	0.515384615384615	0.815384615384615	0.946153846153846	0.630769230769231	0.861538461538462	0.615384615384615	0.630769230769231	0.623076923076923
579	0.685185185185185	0.629629629629630	0.694444444444444	0.777777777777778	0.648148148148148	0.601851851851852	0.675925925925926	0.620370370370370	0.638888888888889
648	0.777777777777778	0.648148148148148	0.759259259259259	0.981481481481481	0.916666666666667	0.740740740740741	0.888888888888889	0.944444444444444	0.925925925925926
649	0.569620253164557	0.329113924050633	0.563291139240506	0.740506329113924	0.740506329113924	0.550632911392405	0.696202531645570	0.848101265822785	0.683544303797468
191	0.952380952380953	0.988095238095238	0.916666666666667	0.964285714285714	0.892857142857143	1.00000000000000	0.988095238095238	0.988095238095238	1.00000000000000
203	1.00000000000000	0.896551724137931	0.965517241379310	1.00000000000000	1.00000000000000	1.00000000000000	1.00000000000000	0.931034482758621	1.00000000000000
202	1.00000000000000	0.863636363636364	0.909090909090909	0.931818181818182	0.977272727272727	1.00000000000000	1.00000000000000	1.00000000000000	1.00000000000000
539	1	1	0.852941176470588	0.970588235294118	1	1	1	0.970588235294118	0.970588235294118
540	0.975000000000000	0.875000000000000	0.900000000000000	0.975000000000000	1.00000000000000	1.00000000000000	0.975000000000000	0.850000000000000	0.975000000000000
208	0.871428571428572	0.857142857142857	1.00000000000000	0.771428571428572	0.971428571428572	0.914285714285715	1.00000000000000	0.885714285714286	0.985714285714286
190	0.780701754385965	0.921052631578947	0.912280701754386	0.842105263157895	0.807017543859649	0.885964912280702	0.921052631578947	0.938596491228070	0.912280701754386
189	0.500000000000000	0.906976744186047	0.883720930232558	0.767441860465116	0.558139534883721	0.534883720930233	0.604651162790698	0.720930232558140	0.697674418604651
192	1	0.931818181818182	0.954545454545455	0.909090909090909	0.852272727272727	1	1	1	1
207	0.838709677419355	1	1	0.870967741935484	0.806451612903226	0.774193548387097	0.951612903225807	0.790322580645161	0.887096774193548
206	0.680000000000000	0.960000000000000	0.980000000000000	0.640000000000000	0.760000000000000	0.700000000000000	0.920000000000000	0.840000000000000	0.840000000000000
204	0.559523809523810	0.702380952380952	0.773809523809524	0.619047619047619	0.428571428571429	0.369047619047619	0.476190476190476	0.500000000000000	0.380952380952381
205	0.818181818181818	0.750000000000000	0.931818181818182	0.750000000000000	0.272727272727273	0.250000000000000	0.795454545454545	0.727272727272727	0.409090909090909
20	0.567567567567568	0.905405405405405	0.540540540540541	0.364864864864865	0.189189189189189	0.256756756756757	0.175675675675676	0.256756756756757	0.445945945945946
187	0.184210526315789	0.289473684210526	0.350877192982456	0.210526315789474	0.245614035087719	0.105263157894737	0.184210526315789	0.00877192982456140	0.228070175438596
17	0.0384615384615385	0.403846153846154	0.125000000000000	0.0865384615384615	0.192307692307692	0.0192307692307692	0.240384615384615	0	0.105769230769231
186	0.00980392156862745	0.0784313725490196	0.294117647058824	0.0784313725490196	0.0392156862745098	0	0.00980392156862745	0	0.0392156862745098
503	0	0.0208333333333333	0.125000000000000	0.145833333333333	0	0	0.0104166666666667	0	0
502	0	0.0232558139534884	0.0232558139534884	0.116279069767442	0	0	0	0	0
526	0	0.215686274509804	0.0784313725490196	0.0392156862745098	0.0784313725490196	0	0	0.0686274509803922	0
18	0.148936170212766	0.563829787234043	0.244680851063830	0.0425531914893617	0.191489361702128	0.0957446808510638	0.287234042553192	0.0212765957446809	0.180851063829787
525	0	0.0945945945945946	0.135135135135135	0.0540540540540541	0.162162162162162	0.0540540540540541	0.108108108108108	0.135135135135135	0
501	0	0.0344827586206897	0	0.0344827586206897	0	0	0	0	0
565	0.375000000000000	0.333333333333333	0.125000000000000	0.0416666666666667	0.500000000000000	0.291666666666667	0	0.416666666666667	0.208333333333333
499	0	0.136363636363636	0.181818181818182	0	0.181818181818182	0	0	0.0909090909090909	0
524	0	0.132653061224490	0.326530612244898	0.255102040816327	0.244897959183673	0.0816326530612245	0.214285714285714	0.244897959183673	0.0102040816326531
564	0.222222222222222	0.111111111111111	0.277777777777778	0.111111111111111	0.388888888888889	0	0	0.388888888888889	0.111111111111111
562	0	0.441860465116279	0.813953488372093	0.372093023255814	0.267441860465116	0.0813953488372093	0.232558139534884	0.488372093023256	0.337209302325581
563	0.285714285714286	0.357142857142857	0.642857142857143	0.428571428571429	0.357142857142857	0	0	0.785714285714286	0.357142857142857
674	0.179487179487179	0.576923076923077	0.884615384615385	0.358974358974359	0.705128205128205	0.256410256410256	0.333333333333333	0.769230769230769	0.756410256410257
681	0.154761904761905	0.630952380952381	0.928571428571429	0.452380952380952	0.738095238095238	0.273809523809524	0.500000000000000	0.714285714285714	0.642857142857143
672	0.270270270270270	0.391891891891892	0.756756756756757	0.513513513513514	0.756756756756757	0.635135135135135	0.810810810810811	0.459459459459460	0.702702702702703
673	0.264705882352941	0.647058823529412	0.911764705882353	0.602941176470588	0.852941176470588	0.529411764705882	0.735294117647059	0.676470588235294	0.735294117647059
711	0.250000000000000	0.750000000000000	1.00000000000000	0.428571428571429	0.678571428571429	0.714285714285714	0.785714285714286	0.571428571428571	1.00000000000000
710	0.500000000000000	0.791666666666667	1	0.541666666666667	0.458333333333333	0.708333333333333	0.875000000000000	0.666666666666667	1
688	0.275000000000000	0.825000000000000	1	0.675000000000000	0.775000000000000	0.725000000000000	0.900000000000000	0.775000000000000	0.900000000000000
709	0.394736842105263	0.960526315789474	1	0.776315789473684	0.578947368421053	0.723684210526316	0.947368421052632	0.539473684210526	0.828947368421053
689	0.437500000000000	0.656250000000000	1	0.468750000000000	0.750000000000000	0.843750000000000	0.640625000000000	0.875000000000000	1
687	0.500000000000000	1	1.00000000000000	0.958333333333333	0.708333333333333	0.916666666666667	1.00000000000000	0.729166666666667	1.00000000000000
703	0.544117647058824	1	1	0.808823529411765	0.808823529411765	0.838235294117647	0.808823529411765	0.882352941176471	0.970588235294118
702	0.522727272727273	1	1.00000000000000	0.886363636363636	0.818181818181818	0.750000000000000	0.909090909090909	0.795454545454545	0.863636363636364
705	0.782608695652174	0.956521739130435	1.00000000000000	0.782608695652174	0.869565217391304	0.956521739130435	0.434782608695652	0.826086956521739	0.869565217391304
1190	0.755555555555556	0.911111111111111	1.00000000000000	0.988888888888889	0.922222222222222	0.733333333333333	0.833333333333333	0.888888888888889	0.888888888888889
1085	0.943396226415094	1	0.981132075471698	0.820754716981132	1.00000000000000	0.981132075471698	0.924528301886792	0.924528301886792	1.00000000000000
1189	0.759493670886076	0.924050632911392	1	0.962025316455696	0.936708860759494	0.873417721518987	0.917721518987342	0.835443037974684	0.924050632911392
1181	0.961538461538462	1	1	0.692307692307692	1	1	0.794871794871795	1	1
1188	0.900000000000000	1	1	0.957142857142857	0.857142857142857	0.971428571428572	0.785714285714286	0.857142857142857	1
1182	0.909090909090909	0.969696969696970	1	0.954545454545455	1	1	0.909090909090909	1	1
1184	0.888888888888889	0.833333333333334	0.888888888888889	0.944444444444444	1.00000000000000	1.00000000000000	0.777777777777778	1.00000000000000	0.833333333333334
1187	0.750000000000000	0.772727272727273	0.772727272727273	0.659090909090909	0.977272727272727	0.931818181818182	0.750000000000000	1.00000000000000	0.659090909090909
1183	0.833333333333333	0.937500000000000	0.958333333333333	0.833333333333333	1	1	0.875000000000000	1	0.875000000000000
1186	0.675000000000000	0.900000000000000	0.750000000000000	0.675000000000000	1	0.975000000000000	0.750000000000000	1	0.600000000000000
1185	1	0.833333333333333	1	0.791666666666667	1	0.958333333333333	0.916666666666667	1	0.833333333333333
1200	0.808823529411765	0.926470588235294	0.808823529411765	0.676470588235294	0.882352941176471	0.882352941176471	0.676470588235294	0.500000000000000	0.852941176470588
1198	0.981481481481481	0.944444444444444	1.00000000000000	0.740740740740741	1.00000000000000	0.981481481481481	0.851851851851852	0.703703703703704	0.944444444444444
1245	0.736842105263158	0.631578947368421	0.657894736842105	0.776315789473684	0.842105263157895	0.868421052631579	0.302631578947368	0.657894736842105	0.605263157894737
1203	0.482758620689655	0.482758620689655	0.620689655172414	0.637931034482759	0.551724137931035	0.465517241379310	0.551724137931035	0.413793103448276	0.568965517241379
1247	0.340000000000000	0.380000000000000	0.280000000000000	0.340000000000000	0.540000000000000	0.420000000000000	0.580000000000000	0.800000000000000	0.320000000000000
1248	0.104166666666667	0.270833333333333	0.250000000000000	0.145833333333333	0.270833333333333	0.208333333333333	0.687500000000000	0.500000000000000	0.104166666666667
1244	0.769230769230769	0.923076923076923	0.846153846153846	0.615384615384615	0.923076923076923	0.884615384615385	0.461538461538462	0.461538461538462	0.846153846153846
1249	0.173913043478261	0.217391304347826	0.130434782608696	0.0869565217391304	0.0869565217391304	0.0434782608695652	0.608695652173913	0.434782608695652	0
1251	0.0666666666666667	0.0166666666666667	0.116666666666667	0.150000000000000	0	0	0.333333333333333	0.133333333333333	0.0333333333333333
1252	0	0	0.250000000000000	0.222222222222222	0	0	0.0555555555555556	0.208333333333333	0
1097	0.192307692307692	0.0384615384615385	0	0	0.0769230769230769	0	0.0384615384615385	0.0769230769230769	0.153846153846154
1098	0	0.0384615384615385	0	0.0769230769230769	0	0	0.115384615384615	0.0769230769230769	0
1253	0.0571428571428571	0	0.142857142857143	0.314285714285714	0	0	0	0.0714285714285714	0
1100	0.0689655172413793	0.0517241379310345	0	0.0344827586206897	0	0	0.0344827586206897	0.0172413793103448	0
1147	0.112500000000000	0.250000000000000	0.143750000000000	0.487500000000000	0.162500000000000	0.256250000000000	0.362500000000000	0.250000000000000	0.200000000000000
1148	0.163265306122449	0.428571428571429	0.112244897959184	0.408163265306122	0.331632653061225	0.352040816326531	0.500000000000000	0.244897959183674	0.316326530612245
582	0.0847457627118644	0.415254237288136	0.423728813559322	0.500000000000000	0.415254237288136	0.127118644067797	0.525423728813559	0.313559322033898	0.355932203389831
630	0.250000000000000	0.328125000000000	0.429687500000000	0.578125000000000	0.375000000000000	0.140625000000000	0.578125000000000	0.390625000000000	0.351562500000000
580	0.466216216216216	0.702702702702703	0.581081081081081	0.662162162162162	0.783783783783784	0.310810810810811	0.695945945945946	0.418918918918919	0.682432432432433
581	0.190476190476190	0.515873015873016	0.515873015873016	0.730158730158730	0.444444444444444	0.166666666666667	0.650793650793651	0.468253968253968	0.515873015873016
662	0.316901408450704	0.450704225352113	0.429577464788732	0.507042253521127	0.549295774647887	0.239436619718310	0.464788732394366	0.464788732394366	0.535211267605634
661	0.396825396825397	0.698412698412698	0.642857142857143	0.738095238095238	0.857142857142857	0.515873015873016	0.746031746031746	0.658730158730159	0.857142857142857
663	0.205882352941177	0.294117647058824	0.247058823529412	0.294117647058824	0.305882352941176	0.182352941176471	0.258823529411765	0.276470588235294	0.258823529411765
601	0.0740740740740741	0.500000000000000	0.425925925925926	0.444444444444444	0.444444444444444	0.0370370370370370	0.407407407407407	0.185185185185185	0.351851851851852
543	0.637931034482759	0.224137931034483	0.758620689655173	0.767241379310345	0.793103448275862	0.741379310344828	0.689655172413793	0.689655172413793	0.689655172413793
541	0.894736842105263	0.605263157894737	0.789473684210526	0.921052631578947	1.00000000000000	0.947368421052631	0.947368421052631	0.789473684210526	0.921052631578947
542	0.708333333333333	0.479166666666667	0.875000000000000	0.854166666666667	0.989583333333333	0.947916666666667	0.895833333333333	0.770833333333333	0.854166666666667
193	1	0.875000000000000	0.925000000000000	0.850000000000000	1	1	1	1	1
194	1.00000000000000	0.800000000000000	0.854545454545455	0.854545454545455	1.00000000000000	1.00000000000000	0.981818181818182	0.981818181818182	1.00000000000000
25	1.00000000000000	0.750000000000000	0.783333333333333	0.833333333333333	0.966666666666667	1.00000000000000	0.916666666666667	0.766666666666667	1.00000000000000
24	1	0.750000000000000	0.980769230769231	0.788461538461539	1	1	0.865384615384616	0.961538461538462	1
22	0.629629629629630	1	1.00000000000000	0.759259259259259	0.907407407407407	0.888888888888889	0.944444444444444	0.648148148148148	0.888888888888889
124	0.552631578947368	1	0.973684210526316	0.631578947368421	0.605263157894737	0.736842105263158	0.921052631578947	0.684210526315789	0.605263157894737
110	0.555555555555556	1	1	0.555555555555556	0.722222222222222	0.833333333333333	0.888888888888889	0.777777777777778	0.611111111111111
21	0.700000000000000	1	0.928571428571429	0.485714285714286	0.528571428571429	0.728571428571429	0.642857142857143	0.500000000000000	0.842857142857143
23	0.952380952380952	0.809523809523810	1	0.595238095238095	1	0.928571428571429	0.833333333333334	0.904761904761905	0.988095238095238
114	1	0.720000000000000	0.800000000000000	0.280000000000000	1	0.940000000000000	0.800000000000000	0.900000000000000	0.920000000000000
121	0.437500000000000	0.791666666666667	0.604166666666667	0.375000000000000	0.250000000000000	0.562500000000000	0.250000000000000	0.270833333333333	0.229166666666667
19	0.458333333333333	0.791666666666667	0.361111111111111	0.166666666666667	0.208333333333333	0.125000000000000	0.0694444444444445	0.0694444444444445	0.250000000000000
119	0.381578947368421	0.394736842105263	0.486842105263158	0.500000000000000	0.381578947368421	0.473684210526316	0.289473684210526	0.0263157894736842	0.342105263157895
122	0.323529411764706	0.941176470588235	0.617647058823529	0.352941176470588	0.264705882352941	0.500000000000000	0.235294117647059	0.294117647058824	0.205882352941176
120	0.312500000000000	0.583333333333333	0.437500000000000	0.500000000000000	0.125000000000000	0.562500000000000	0.0416666666666667	0.0416666666666667	0.187500000000000
123	0.464285714285714	0.964285714285714	0.964285714285714	0.500000000000000	0.428571428571429	0.714285714285714	0.642857142857143	0.535714285714286	0.535714285714286
56	0.310344827586207	0.327586206896552	0.517241379310345	0.448275862068966	0.362068965517241	0.517241379310345	0.482758620689655	0.172413793103448	0.413793103448276
53	0.208333333333333	0.177083333333333	0.166666666666667	0.354166666666667	0.208333333333333	0.270833333333333	0.645833333333333	0.437500000000000	0.333333333333333
16	0.0545454545454545	0.227272727272727	0.0909090909090909	0.172727272727273	0.200000000000000	0	0.236363636363636	0	0.0363636363636364
184	0.0886075949367089	0.0126582278481013	0.0632911392405063	0.0759493670886076	0.0506329113924051	0	0.0126582278481013	0	0
15	0.0645161290322581	0.0645161290322581	0.0483870967741936	0.0645161290322581	0.161290322580645	0	0.225806451612903	0.0645161290322581	0
185	0	0.125000000000000	0.135416666666667	0.104166666666667	0	0	0	0	0.0208333333333333
183	0.0985915492957747	0.0704225352112676	0.126760563380282	0.140845070422535	0.0563380281690141	0.0845070422535211	0.183098591549296	0.0140845070422535	0.0422535211267606
497	0	0.104838709677419	0.161290322580645	0.0322580645161290	0.129032258064516	0.0645161290322581	0.129032258064516	0.0725806451612903	0.0161290322580645
496	0.0317460317460317	0.238095238095238	0.0793650793650794	0.190476190476190	0.111111111111111	0.317460317460317	0.333333333333333	0.0476190476190476	0.0158730158730159
500	0	0.0227272727272727	0.181818181818182	0	0.136363636363636	0	0	0.0681818181818182	0
14	0.0322580645161290	0	0	0.0322580645161290	0.193548387096774	0	0	0	0
498	0	0.0833333333333333	0.333333333333333	0	0.166666666666667	0	0.0833333333333333	0.0833333333333333	0
523	0.0568181818181818	0.301136363636364	0.505681818181818	0.357954545454545	0.301136363636364	0.107954545454545	0.340909090909091	0.471590909090909	0.0965909090909091
522	0.214285714285714	0.371428571428572	0.521428571428571	0.400000000000000	0.450000000000000	0.135714285714286	0.385714285714286	0.378571428571429	0.164285714285714
561	0.104166666666667	0.458333333333333	0.416666666666667	0.270833333333333	0.312500000000000	0.0416666666666667	0.166666666666667	0.416666666666667	0.125000000000000
521	0.209302325581395	0.395348837209302	0.372093023255814	0.383720930232558	0.244186046511628	0.139534883720930	0.220930232558140	0.337209302325581	0.151162790697674
718	0.555555555555556	0.722222222222222	0.944444444444445	0.888888888888889	0.750000000000000	0.500000000000000	0.722222222222222	0.388888888888889	0.722222222222222
715	0.571428571428571	0.785714285714286	1.00000000000000	1.00000000000000	0.857142857142857	0.535714285714286	0.821428571428571	0.446428571428571	0.750000000000000
708	0.777777777777778	1	1	1	0.500000000000000	0.888888888888889	1	0.555555555555556	0.888888888888889
713	0.638888888888889	0.750000000000000	0.805555555555556	0.833333333333333	0.305555555555556	0.611111111111111	0.833333333333333	0.722222222222222	0.777777777777778
686	0.428571428571429	0.857142857142857	0.946428571428571	0.821428571428571	0.642857142857143	0.750000000000000	1.00000000000000	0.607142857142857	0.660714285714286
712	0.344827586206897	0.517241379310345	0.655172413793103	0.551724137931035	0.189655172413793	0.655172413793103	0.724137931034483	0.724137931034483	0.655172413793103
685	0.534482758620690	0.706896551724138	0.775862068965517	0.758620689655173	0.431034482758621	0.758620689655173	0.965517241379310	0.758620689655173	0.810344827586207
670	0.214285714285714	0.392857142857143	0.517857142857143	0.607142857142857	0.607142857142857	0.428571428571429	0.625000000000000	0.589285714285714	0.285714285714286
669	0.375000000000000	0.359375000000000	0.421875000000000	0.609375000000000	0.500000000000000	0.437500000000000	0.437500000000000	0.359375000000000	0.187500000000000
701	0.600000000000000	1	1	0.900000000000000	0.800000000000000	0.900000000000000	1	0.850000000000000	1
716	0.542553191489362	0.787234042553191	1	0.957446808510638	0.978723404255319	0.531914893617021	0.829787234042553	0.425531914893617	0.702127659574468
717	0.625000000000000	0.795454545454545	0.931818181818182	0.840909090909091	0.931818181818182	0.659090909090909	0.795454545454545	0.545454545454545	0.772727272727273
1084	0.850574712643678	0.977011494252874	0.896551724137931	0.793103448275862	0.908045977011494	1.00000000000000	0.793103448275862	0.873563218390805	1.00000000000000
1083	0.580246913580247	0.790123456790123	0.864197530864197	0.765432098765432	0.839506172839506	0.913580246913580	0.555555555555556	0.716049382716049	0.691358024691358
1195	0.940476190476191	0.928571428571429	0.714285714285714	0.928571428571429	1	1	0.952380952380952	0.738095238095238	1
1194	0.928571428571428	1	0.750000000000000	0.928571428571428	1.00000000000000	1.00000000000000	0.750000000000000	0.642857142857143	1.00000000000000
1260	0.914285714285714	0.814285714285714	0.942857142857143	1.00000000000000	0.914285714285714	0.957142857142857	0.971428571428571	0.828571428571428	1.00000000000000
1196	0.882352941176471	0.852941176470588	0.941176470588235	0.941176470588235	0.941176470588235	1	0.941176470588235	0.867647058823530	1
1197	0.982142857142857	0.928571428571428	1.00000000000000	0.928571428571428	1.00000000000000	1.00000000000000	1.00000000000000	0.928571428571428	1.00000000000000
1261	0.769230769230769	0.846153846153846	0.923076923076923	0.923076923076923	0.820512820512821	0.974358974358974	0.923076923076923	0.756410256410257	0.974358974358974
792	0.625000000000000	0.708333333333333	0.958333333333333	0.791666666666667	0.541666666666667	0.833333333333333	0.916666666666667	0.854166666666667	0.791666666666667
795	0.459677419354839	0.596774193548387	0.451612903225806	0.661290322580645	0.403225806451613	0.459677419354839	0.838709677419355	0.782258064516129	0.491935483870968
1199	0.950000000000000	0.975000000000000	0.925000000000000	0.550000000000000	0.900000000000000	0.950000000000000	0.900000000000000	0.375000000000000	0.950000000000000
1262	0.812500000000000	0.796875000000000	0.953125000000000	0.781250000000000	0.812500000000000	0.875000000000000	0.906250000000000	0.687500000000000	0.984375000000000
794	0.773584905660377	0.707547169811321	0.650943396226415	0.716981132075472	0.641509433962264	0.707547169811321	0.820754716981132	0.830188679245283	0.632075471698113
1201	0.611111111111111	0.666666666666666	0.870370370370370	0.814814814814815	0.796296296296296	0.796296296296296	0.592592592592593	0.518518518518519	0.777777777777778
1204	0.321428571428571	0.410714285714286	0.571428571428571	0.410714285714286	0.303571428571429	0.214285714285714	0.517857142857143	0.625000000000000	0.428571428571429
1235	0.236111111111111	0.0694444444444445	0.375000000000000	0.111111111111111	0.0833333333333333	0.0277777777777778	0.250000000000000	0.305555555555556	0.0555555555555556
1205	0.200000000000000	0.125000000000000	0.275000000000000	0.300000000000000	0.312500000000000	0.125000000000000	0.437500000000000	0.312500000000000	0.262500000000000
1206	0.117021276595745	0.0851063829787234	0.308510638297872	0.127659574468085	0.117021276595745	0.0638297872340426	0.212765957446809	0.255319148936170	0.0638297872340426
793	0.843750000000000	0.703125000000000	0.687500000000000	0.812500000000000	0.656250000000000	0.921875000000000	0.937500000000000	0.812500000000000	0.843750000000000
1202	0.740000000000000	0.620000000000000	0.680000000000000	0.660000000000000	0.740000000000000	0.760000000000000	0.600000000000000	0.360000000000000	0.640000000000000
1234	0.296875000000000	0.140625000000000	0.343750000000000	0.125000000000000	0.0937500000000000	0.0156250000000000	0.171875000000000	0.406250000000000	0.140625000000000
1207	0.162790697674419	0.0697674418604651	0.209302325581395	0.0465116279069767	0.0581395348837209	0	0.0348837209302326	0.232558139534884	0
1236	0.479166666666667	0.0833333333333333	0.250000000000000	0	0	0	0.0416666666666667	0.250000000000000	0
1208	0.0612244897959184	0	0.0408163265306122	0.0408163265306122	0.0816326530612245	0	0	0.0408163265306122	0
1254	0.0810810810810811	0	0	0.162162162162162	0	0	0	0.0540540540540541	0
1256	0.285714285714286	0	0.0714285714285714	0.142857142857143	0	0	0.142857142857143	0.0714285714285714	0.0357142857142857
1209	0	0	0	0.0652173913043478	0	0.0217391304347826	0.0869565217391304	0.108695652173913	0.0217391304347826
1164	0.113636363636364	0	0.0227272727272727	0.318181818181818	0	0.0227272727272727	0.295454545454545	0.0227272727272727	0.204545454545455
1255	0.219512195121951	0	0.0243902439024390	0.195121951219512	0	0	0.0243902439024390	0.0731707317073171	0
1163	0.133333333333333	0	0	0.400000000000000	0	0.0666666666666667	0.200000000000000	0	0.200000000000000
1165	0.321428571428571	0	0.107142857142857	0.428571428571429	0	0.142857142857143	0.321428571428571	0.0357142857142857	0.392857142857143
1122	0.196721311475410	0.0491803278688525	0.0491803278688525	0.147540983606557	0.00819672131147541	0.0573770491803279	0.368852459016393	0.270491803278689	0.303278688524590
1124	0.234042553191489	0.106382978723404	0.106382978723404	0.170212765957447	0	0.0851063829787234	0.244680851063830	0.159574468085106	0.340425531914894
583	0.0769230769230769	0.346153846153846	0.365384615384615	0.365384615384615	0.346153846153846	0.0961538461538462	0.423076923076923	0.192307692307692	0.230769230769231
584	0.127450980392157	0.147058823529412	0.176470588235294	0.156862745098039	0.137254901960784	0.107843137254902	0.254901960784314	0.186274509803922	0.186274509803922
586	0.0161290322580645	0.0161290322580645	0	0.0161290322580645	0.0161290322580645	0	0	0	0.0161290322580645
664	0.179104477611940	0.208955223880597	0.238805970149254	0.208955223880597	0.223880597014925	0.164179104477612	0.179104477611940	0.238805970149254	0.194029850746269
650	0.355263157894737	0.250000000000000	0.394736842105263	0.480263157894737	0.552631578947368	0.401315789473684	0.565789473684211	0.565789473684210	0.434210526315790
652	0.0789473684210526	0.0394736842105263	0.0657894736842105	0.0657894736842105	0.0328947368421053	0.105263157894737	0.0526315789473684	0.118421052631579	0.0789473684210526
651	0.227848101265823	0.126582278481013	0.265822784810127	0.291139240506329	0.284810126582279	0.259493670886076	0.253164556962025	0.329113924050633	0.189873417721519
545	0.295454545454545	0.159090909090909	0.500000000000000	0.477272727272727	0.613636363636364	0.545454545454545	0.477272727272727	0.500000000000000	0.477272727272727
544	0.245283018867925	0.0754716981132075	0.584905660377359	0.481132075471698	0.660377358490566	0.471698113207547	0.396226415094340	0.433962264150943	0.415094339622642
195	0.935483870967742	0.677419354838710	0.741935483870968	0.919354838709677	0.951612903225806	0.983870967741935	0.919354838709677	0.919354838709677	0.935483870967742
546	0.340909090909091	0.0454545454545455	0.363636363636364	0.409090909090909	0.454545454545455	0.477272727272727	0.409090909090909	0.522727272727273	0.431818181818182
196	0.707692307692308	0.400000000000000	0.538461538461538	0.584615384615385	0.753846153846154	0.769230769230770	0.676923076923077	0.753846153846154	0.615384615384616
26	0.955555555555555	0.644444444444445	0.755555555555555	0.822222222222222	0.888888888888889	0.911111111111111	0.933333333333333	0.755555555555556	0.933333333333333
197	0.440677966101695	0.220338983050847	0.203389830508475	0.338983050847458	0.457627118644068	0.406779661016949	0.355932203389831	0.406779661016949	0.254237288135593
29	0.928571428571428	0.500000000000000	0.785714285714286	0.785714285714286	0.857142857142857	0.785714285714286	0.857142857142857	0.785714285714286	0.785714285714286
118	0.938461538461538	0.261538461538462	0.446153846153846	0.492307692307692	0.769230769230769	0.876923076923077	0.676923076923077	0.830769230769231	0.630769230769231
116	1.00000000000000	0.678571428571429	0.678571428571428	0.714285714285714	0.964285714285714	0.892857142857143	0.821428571428571	0.785714285714286	0.785714285714286
115	1.00000000000000	0.541666666666667	0.791666666666667	0.291666666666667	1.00000000000000	0.958333333333333	0.750000000000000	0.875000000000000	1.00000000000000
90	0.622641509433962	0.490566037735849	0.320754716981132	0.122641509433962	0.735849056603774	0.660377358490566	0.433962264150943	0.641509433962264	0.433962264150943
88	0.480000000000000	0.680000000000000	0.880000000000000	0.360000000000000	0.660000000000000	0.760000000000000	0.680000000000000	0.720000000000000	0.460000000000000
113	0.909090909090909	0.818181818181818	0.909090909090909	0.363636363636364	1.00000000000000	0.909090909090909	0.863636363636364	0.954545454545454	1.00000000000000
112	0.833333333333334	0.833333333333334	0.833333333333334	0.444444444444445	0.972222222222222	0.888888888888889	0.777777777777778	0.944444444444445	0.722222222222222
111	0.586206896551724	0.793103448275862	1	0.379310344827586	0.724137931034483	0.844827586206896	0.793103448275862	0.741379310344828	0.586206896551724
109	0.416666666666667	0.750000000000000	0.861111111111111	0.444444444444445	0.638888888888889	0.527777777777778	0.888888888888889	0.750000000000000	0.361111111111111
62	0.281250000000000	0.281250000000000	0.406250000000000	0.171875000000000	0.328125000000000	0.203125000000000	0.375000000000000	0.375000000000000	0.0468750000000000
87	0.421052631578947	0.736842105263158	0.894736842105263	0.473684210526316	0.605263157894737	0.421052631578947	0.578947368421053	0.500000000000000	0.368421052631579
63	0.157894736842105	0.157894736842105	0.184210526315789	0.0921052631578947	0.157894736842105	0.105263157894737	0.157894736842105	0.157894736842105	0
89	0.714285714285714	0.742857142857143	0.714285714285714	0.171428571428571	0.742857142857143	0.714285714285714	0.657142857142857	0.628571428571429	0.514285714285714
59	0.444444444444444	0.555555555555556	0.722222222222222	0.833333333333333	0.500000000000000	0.500000000000000	0.555555555555556	0.388888888888889	0.0555555555555556
58	0.448275862068966	0.482758620689655	0.862068965517241	0.551724137931035	0.379310344827586	0.534482758620690	0.241379310344828	0.155172413793103	0.396551724137931
61	0.500000000000000	0.478260869565217	0.543478260869565	0.500000000000000	0.500000000000000	0.173913043478261	0.239130434782609	0.195652173913043	0.173913043478261
60	0.666666666666667	0.666666666666667	0.722222222222222	0.444444444444445	0.444444444444444	0.277777777777778	0.444444444444444	0.444444444444444	0.111111111111111
55	0.416666666666667	0.250000000000000	0.333333333333333	0.250000000000000	0.291666666666667	0.250000000000000	0.375000000000000	0.333333333333333	0.333333333333333
52	0.171428571428571	0.142857142857143	0.185714285714286	0.142857142857143	0.142857142857143	0.228571428571429	0.600000000000000	0.457142857142857	0.228571428571429
57	0.404761904761905	0.333333333333333	0.642857142857143	0.452380952380952	0.333333333333333	0.428571428571429	0.285714285714286	0.0714285714285714	0.285714285714286
54	0.320000000000000	0.280000000000000	0.360000000000000	0.360000000000000	0.320000000000000	0.240000000000000	0.680000000000000	0.320000000000000	0.400000000000000
51	0.483870967741935	0.161290322580645	0	0.354838709677419	0.225806451612903	0.161290322580645	0.290322580645161	0.161290322580645	0.0322580645161290
50	0.684210526315790	0.105263157894737	0	0.473684210526316	0.368421052631579	0.473684210526316	0.105263157894737	0.157894736842105	0.0526315789473684
12	0.173913043478261	0	0	0.521739130434783	0.130434782608696	0.565217391304348	0.217391304347826	0	0.347826086956522
182	0.108433734939759	0.0240963855421687	0.0361445783132530	0.228915662650602	0.168674698795181	0.265060240963855	0.180722891566265	0.0481927710843374	0.0361445783132530
13	0.0952380952380952	0	0	0.238095238095238	0.190476190476190	0.238095238095238	0.0952380952380952	0	0.0952380952380952
495	0.0933333333333333	0.133333333333333	0.0266666666666667	0.293333333333333	0.213333333333333	0.386666666666667	0.426666666666667	0.0800000000000000	0.0533333333333333
494	0.0250000000000000	0.150000000000000	0.112500000000000	0.131250000000000	0.0750000000000000	0.275000000000000	0.275000000000000	0.0437500000000000	0.125000000000000
509	0.121212121212121	0.212121212121212	0.181818181818182	0.0909090909090909	0.0303030303030303	0.333333333333333	0.257575757575758	0.181818181818182	0.212121212121212
493	0.0277777777777778	0	0	0.0277777777777778	0.0277777777777778	0.0277777777777778	0	0	0
519	0.131578947368421	0.184210526315789	0.197368421052632	0.223684210526316	0.131578947368421	0.144736842105263	0.236842105263158	0.144736842105263	0.171052631578947
518	0.0571428571428571	0.142857142857143	0.128571428571429	0.0714285714285714	0.0285714285714286	0.157142857142857	0.157142857142857	0.114285714285714	0.114285714285714
520	0.197368421052632	0.250000000000000	0.342105263157895	0.381578947368421	0.250000000000000	0.118421052631579	0.328947368421053	0.263157894736842	0.250000000000000
517	0	0	0	0	0	0	0	0	0
668	0.166666666666667	0.214285714285714	0.261904761904762	0.238095238095238	0.142857142857143	0.238095238095238	0.190476190476190	0.142857142857143	0.0714285714285714
684	0.292682926829268	0.365853658536585	0.353658536585366	0.439024390243903	0.329268292682927	0.329268292682927	0.414634146341463	0.219512195121951	0.292682926829268
683	0.125000000000000	0.125000000000000	0.156250000000000	0.218750000000000	0.125000000000000	0.125000000000000	0.156250000000000	0.0937500000000000	0.0625000000000000
682	0.0285714285714286	0	0.0142857142857143	0.0285714285714286	0.0285714285714286	0.0285714285714286	0.0285714285714286	0.0285714285714286	0
667	0.0555555555555556	0	0.0277777777777778	0.0555555555555556	0.0555555555555556	0.0555555555555556	0.0555555555555556	0.0555555555555556	0
671	0.288461538461538	0.461538461538462	0.711538461538462	0.615384615384615	0.807692307692308	0.596153846153846	0.673076923076923	0.384615384615385	0.461538461538462
720	0.400000000000000	0.400000000000000	0.400000000000000	0.400000000000000	0.400000000000000	0.100000000000000	0.400000000000000	0.100000000000000	0.200000000000000
721	0.250000000000000	0.305555555555556	0.472222222222222	0.361111111111111	0.472222222222222	0.361111111111111	0.416666666666667	0.138888888888889	0.277777777777778
714	0.428571428571429	0.714285714285714	0.785714285714286	0.785714285714286	0.607142857142857	0.428571428571429	0.714285714285714	0.392857142857143	0.785714285714286
719	0.333333333333333	0.388888888888889	0.722222222222222	0.666666666666667	0.666666666666667	0.500000000000000	0.444444444444445	0.166666666666667	0.388888888888889
727	0.00826446280991736	0.0330578512396694	0.0578512396694215	0.0247933884297521	0.0578512396694215	0.0413223140495868	0.0578512396694215	0	0.0578512396694215
1265	0.343750000000000	0.406250000000000	0.390625000000000	0.281250000000000	0.406250000000000	0.484375000000000	0.296875000000000	0.250000000000000	0.390625000000000
1264	0.342857142857143	0.242857142857143	0.271428571428571	0.128571428571429	0.257142857142857	0.385714285714286	0.271428571428571	0.242857142857143	0.285714285714286
1191	0.807692307692308	0.711538461538462	0.807692307692308	0.865384615384615	0.807692307692308	0.942307692307692	0.384615384615385	0.615384615384615	0.615384615384615
778	0.828571428571429	0.800000000000000	0.771428571428572	0.714285714285714	0.914285714285714	0.914285714285714	0.371428571428571	0.485714285714286	0.828571428571429
1082	0.333333333333333	0.333333333333333	0.500000000000000	0.500000000000000	0.416666666666667	0.500000000000000	0.166666666666667	0.250000000000000	0.250000000000000
1192	0.875000000000000	0.979166666666667	0.791666666666667	0.937500000000000	1.00000000000000	1.00000000000000	0.645833333333333	0.750000000000000	0.770833333333333
1193	1	1	0.696969696969697	0.848484848484848	1	1	0.696969696969697	0.636363636363636	0.939393939393939
787	0.857142857142857	0.836734693877551	0.469387755102041	0.510204081632653	0.571428571428572	0.959183673469388	0.591836734693878	0.163265306122449	0.816326530612245
873	0.900000000000000	0.733333333333333	0.366666666666667	0.566666666666667	0.533333333333333	0.900000000000000	0.600000000000000	0.400000000000000	0.566666666666667
789	0.823529411764706	0.705882352941177	0.588235294117647	0.735294117647059	0.588235294117647	0.911764705882353	0.941176470588235	0.441176470588235	0.676470588235294
788	0.863636363636364	0.818181818181818	0.500000000000000	0.454545454545455	0.545454545454546	0.909090909090909	0.636363636363636	0.318181818181818	0.727272727272727
828	0.583333333333333	0.666666666666667	0.916666666666667	0.916666666666667	0.583333333333333	0.666666666666667	0.791666666666667	0.916666666666667	0.666666666666667
829	0.571428571428571	0.500000000000000	0.857142857142857	0.857142857142857	0.285714285714286	0.571428571428571	0.892857142857143	0.714285714285714	0.571428571428571
790	0.653846153846154	0.846153846153846	0.884615384615385	0.692307692307692	0.461538461538462	0.846153846153846	0.961538461538461	0.653846153846154	0.846153846153846
791	0.777777777777778	0.722222222222222	0.888888888888889	0.944444444444444	0.722222222222222	0.777777777777778	0.972222222222222	0.888888888888889	0.777777777777778
831	0.125000000000000	0	0.0312500000000000	0.156250000000000	0.250000000000000	0.312500000000000	0.312500000000000	0.187500000000000	0.312500000000000
830	0.368421052631579	0.315789473684211	0.342105263157895	0.447368421052632	0.210526315789474	0.500000000000000	0.578947368421053	0.473684210526316	0.473684210526316
850	0.0833333333333333	0	0.208333333333333	0.104166666666667	0.0416666666666667	0.0416666666666667	0.0625000000000000	0	0.166666666666667
832	0.0625000000000000	0.218750000000000	0.203125000000000	0.187500000000000	0.0625000000000000	0.125000000000000	0.281250000000000	0.250000000000000	0.250000000000000
833	0	0	0	0	0	0	0	0	0
796	0.375000000000000	0.375000000000000	0.604166666666667	0.340277777777778	0.236111111111111	0.270833333333333	0.611111111111111	0.562500000000000	0.326388888888889
849	0.0862068965517241	0.137931034482759	0.189655172413793	0.0344827586206897	0	0.0172413793103448	0.206896551724138	0.172413793103448	0.103448275862069
797	0.289062500000000	0.171875000000000	0.609375000000000	0.218750000000000	0.234375000000000	0.179687500000000	0.507812500000000	0.421875000000000	0.218750000000000
851	0.111111111111111	0.111111111111111	0.259259259259259	0.222222222222222	0.111111111111111	0.0555555555555556	0.0185185185185185	0.111111111111111	0.0370370370370370
798	0.177083333333333	0.416666666666667	0.416666666666667	0.104166666666667	0.437500000000000	0.177083333333333	0.458333333333333	0.500000000000000	0.375000000000000
799	0.275000000000000	0.375000000000000	0.275000000000000	0.125000000000000	0.450000000000000	0.200000000000000	0.375000000000000	0.375000000000000	0.275000000000000
800	0.256410256410256	0.256410256410256	0.0769230769230769	0.102564102564103	0.358974358974359	0.256410256410256	0.179487179487180	0.384615384615385	0.230769230769231
1238	0.136363636363636	0	0.0454545454545455	0.136363636363636	0.181818181818182	0	0	0	0
801	0.160000000000000	0.160000000000000	0.160000000000000	0.160000000000000	0.240000000000000	0.240000000000000	0.160000000000000	0.360000000000000	0.0800000000000000
1240	0	0	0	0	0.260869565217391	0	0.0434782608695652	0	0
1210	0.0540540540540541	0	0.0270270270270270	0.135135135135135	0	0.324324324324324	0.216216216216216	0.243243243243243	0.0810810810810811
1241	0	0	0	0	0.0689655172413793	0.172413793103448	0.0344827586206897	0.103448275862069	0.0344827586206897
1239	0	0	0	0	0.222222222222222	0	0	0	0
802	0.0810810810810811	0.108108108108108	0.0540540540540541	0.162162162162162	0.216216216216216	0.270270270270270	0.0810810810810811	0.189189189189189	0
1242	0.0869565217391304	0.0434782608695652	0.173913043478261	0.101449275362319	0.144927536231884	0.217391304347826	0.362318840579710	0.231884057971015	0.217391304347826
1212	0.0317460317460317	0	0.190476190476190	0.206349206349206	0.238095238095238	0.428571428571429	0.460317460317460	0.333333333333333	0.190476190476190
1211	0.0851063829787234	0	0.148936170212766	0.191489361702128	0	0.297872340425532	0.361702127659575	0.468085106382979	0.0425531914893617
1257	0.114285714285714	0	0.0857142857142857	0.285714285714286	0	0.257142857142857	0.142857142857143	0.142857142857143	0.0857142857142857
1258	0.212765957446809	0	0.276595744680851	0.191489361702128	0.0425531914893617	0.148936170212766	0.361702127659575	0.0425531914893617	0.127659574468085
1166	0.285714285714286	0	0.204081632653061	0.469387755102041	0	0.204081632653061	0.285714285714286	0.0204081632653061	0.326530612244898
1123	0.200000000000000	0.0600000000000000	0.220000000000000	0.180000000000000	0	0.0600000000000000	0.480000000000000	0.390000000000000	0.520000000000000
1167	0.278688524590164	0	0.163934426229508	0.213114754098361	0	0.0655737704918033	0.295081967213115	0.0819672131147541	0.245901639344262
1127	0.0727272727272727	0.0727272727272727	0.127272727272727	0.127272727272727	0.0545454545454545	0.0545454545454545	0.218181818181818	0.127272727272727	0.236363636363636
1125	0.204081632653061	0.0714285714285714	0.142857142857143	0.193877551020408	0.0204081632653061	0.0816326530612245	0.244897959183674	0.163265306122449	0.428571428571429
1126	0.125000000000000	0.0500000000000000	0.150000000000000	0.137500000000000	0.0250000000000000	0.100000000000000	0.300000000000000	0.150000000000000	0.325000000000000
1128	0.0161290322580645	0.0161290322580645	0.0161290322580645	0.0322580645161290	0.0161290322580645	0.0483870967741936	0.0403225806451613	0.0161290322580645	0.0806451612903226
1149	0.0607734806629834	0.154696132596685	0.0801104972375691	0.0994475138121547	0.127071823204420	0.149171270718232	0.182320441988950	0.102209944751381	0.160220994475138
604	0	0.0625000000000000	0.125000000000000	0.125000000000000	0.125000000000000	0.125000000000000	0.125000000000000	0	0
602	0.0409836065573771	0.147540983606557	0.237704918032787	0.221311475409836	0.188524590163934	0.147540983606557	0.311475409836066	0.188524590163934	0.0573770491803279
603	0.00877192982456140	0.122807017543860	0.184210526315789	0.192982456140351	0.157894736842105	0.184210526315789	0.228070175438596	0.0701754385964912	0.0350877192982456
605	0	0.0102040816326531	0.0204081632653061	0.0204081632653061	0.0204081632653061	0.0204081632653061	0.0204081632653061	0	0
606	0	0	0	0	0	0	0	0	0
585	0.0833333333333333	0.0897435897435897	0.0384615384615385	0.160256410256410	0.0769230769230769	0	0.115384615384615	0.0192307692307692	0.160256410256410
587	0	0	0	0	0	0	0	0	0
665	0.0361445783132530	0.0240963855421687	0.0421686746987952	0.0361445783132530	0.0602409638554217	0.0240963855421687	0.0361445783132530	0.0602409638554217	0.0240963855421687
653	0	0	0	0	0	0	0	0	0
654	0	0	0	0	0	0	0	0	0
548	0.0365853658536585	0	0.0365853658536585	0.0365853658536585	0	0.0365853658536585	0.0365853658536585	0.0365853658536585	0.0365853658536585
547	0.0625000000000000	0	0.109375000000000	0.0625000000000000	0.109375000000000	0.109375000000000	0.0937500000000000	0.140625000000000	0.0625000000000000
199	0	0	0	0	0	0	0	0	0
30	0.692307692307692	0.153846153846154	0.307692307692308	0.692307692307692	0.461538461538462	0.692307692307692	0.769230769230769	0.692307692307692	0.692307692307692
198	0.188405797101449	0.0869565217391304	0.115942028985507	0.130434782608696	0.217391304347826	0.202898550724638	0.188405797101449	0.130434782608696	0.0434782608695652
34	0.318181818181818	0.136363636363636	0.272727272727273	0.363636363636364	0.181818181818182	0.272727272727273	0.363636363636364	0.363636363636364	0.409090909090909
32	0.571428571428571	0.142857142857143	0.428571428571429	0.714285714285714	0.571428571428571	0.571428571428571	0.857142857142857	0.857142857142857	0.857142857142857
33	0.470588235294118	0.147058823529412	0.176470588235294	0.323529411764706	0.411764705882353	0.411764705882353	0.352941176470588	0.352941176470588	0.264705882352941
93	0.577777777777778	0.0666666666666667	0.288888888888889	0.355555555555556	0.466666666666667	0.577777777777778	0.311111111111111	0.555555555555556	0.422222222222222
117	0.964285714285714	0.535714285714286	0.571428571428571	0.714285714285714	0.928571428571428	0.785714285714286	0.678571428571429	0.678571428571428	0.607142857142857
28	1	0.727272727272727	0.727272727272727	0.818181818181818	0.727272727272727	1	0.909090909090909	0.727272727272727	0.727272727272727
27	0.956521739130435	0.739130434782609	0.608695652173913	0.782608695652174	0.956521739130435	0.869565217391304	0.782608695652174	0.652173913043478	0.695652173913044
31	0.666666666666667	0.0833333333333333	0.500000000000000	0.666666666666667	0.416666666666667	0.666666666666667	0.916666666666667	0.916666666666667	0.916666666666667
92	0.648648648648649	0.324324324324324	0.324324324324324	0.216216216216216	0.648648648648649	0.729729729729730	0.432432432432432	0.702702702702703	0.540540540540541
91	0.589743589743590	0.358974358974359	0.358974358974359	0.333333333333333	0.666666666666667	0.589743589743590	0.358974358974359	0.641025641025641	0.589743589743590
85	0	0	0	0	0	0	0	0	0
84	0	0	0	0	0	0	0	0	0
82	0	0	0	0	0	0	0	0	0
66	0	0	0	0	0	0	0	0	0
83	0	0	0	0	0	0	0	0	0
65	0	0	0	0	0	0	0	0	0
64	0.0857142857142857	0.0857142857142857	0.0857142857142857	0.0571428571428571	0.0857142857142857	0.0857142857142857	0.0571428571428571	0.0571428571428571	0
180	0	0	0	0	0	0	0	0	0
170	0	0	0	0	0	0	0	0	0
176	0	0	0	0	0	0	0	0	0
169	0	0	0	0	0	0	0	0	0
144	0	0	0	0	0	0	0	0	0
179	0	0	0	0	0	0	0	0	0
143	0	0	0	0	0	0	0	0	0
142	0	0	0	0	0	0	0	0	0
178	0	0	0	0	0	0	0	0	0
177	0	0	0	0	0	0	0	0	0
141	0	0	0	0	0	0	0	0	0
140	0	0	0	0	0	0	0	0	0
139	0.0454545454545455	0.0454545454545455	0	0.0454545454545455	0.0454545454545455	0.0454545454545455	0.0454545454545455	0.0454545454545455	0
129	0.647058823529412	0.470588235294118	0.0588235294117647	0.588235294117647	0.294117647058824	0.411764705882353	0.352941176470588	0.352941176470588	0.0588235294117647
138	0.100000000000000	0.100000000000000	0	0.100000000000000	0.0500000000000000	0.0500000000000000	0.0500000000000000	0.100000000000000	0
137	0.227272727272727	0.227272727272727	0	0.227272727272727	0.0909090909090909	0.0909090909090909	0.0909090909090909	0.227272727272727	0
128	0.909090909090909	0.454545454545455	0	0.727272727272727	0.363636363636364	0.363636363636364	0.454545454545455	0.545454545454545	0.0909090909090909
127	0.565217391304348	0.0869565217391304	0.0434782608695652	0.260869565217391	0.130434782608696	0.478260869565217	0.565217391304348	0.173913043478261	0.217391304347826
49	0.454545454545455	0	0	0.181818181818182	0.181818181818182	0.181818181818182	0	0.181818181818182	0.181818181818182
132	0.117647058823529	0	0	0	0.117647058823529	0	0	0	0
134	0.230769230769231	0	0.153846153846154	0	0.230769230769231	0.153846153846154	0.230769230769231	0	0.230769230769231
10	0.375000000000000	0	0	0.250000000000000	0	0.625000000000000	0.500000000000000	0.125000000000000	0.125000000000000
11	0.333333333333333	0	0	0.222222222222222	0	0.555555555555556	0.222222222222222	0.111111111111111	0.666666666666667
48	0.214285714285714	0	0	0.357142857142857	0	0.785714285714286	0.214285714285714	0.142857142857143	0.642857142857143
181	0	0	0	0	0	0	0	0	0
492	0	0	0	0	0	0	0	0	0
506	0	0	0	0	0	0	0	0	0
505	0	0	0	0	0	0	0	0	0
504	0	0	0	0	0	0	0	0	0
508	0	0.0645161290322581	0.129032258064516	0.0645161290322581	0	0.0645161290322581	0.0967741935483871	0.0645161290322581	0.0645161290322581
507	0	0.0384615384615385	0.0769230769230769	0.0384615384615385	0	0.0384615384615385	0.0576923076923077	0.0384615384615385	0.0384615384615385
666	0	0	0	0	0	0	0	0	0
516	0	0	0	0	0	0	0	0	0
515	0	0	0	0	0	0	0	0	0
725	0	0	0	0	0	0	0	0	0
726	0	0	0	0	0	0	0	0	0
728	0	0	0	0	0	0	0	0	0
765	0	0	0	0	0	0	0	0	0
776	0.173913043478261	0.0869565217391304	0.173913043478261	0.217391304347826	0.217391304347826	0.217391304347826	0.0434782608695652	0.217391304347826	0.347826086956522
1081	0.0357142857142857	0.0714285714285714	0.0714285714285714	0.0714285714285714	0.107142857142857	0.107142857142857	0.0714285714285714	0.0714285714285714	0.0357142857142857
777	0.586206896551724	0.482758620689655	0.448275862068966	0.413793103448276	0.689655172413793	0.689655172413793	0.137931034482759	0.310344827586207	0.620689655172414
775	0	0	0.100000000000000	0.100000000000000	0.0500000000000000	0.0500000000000000	0.0500000000000000	0.100000000000000	0.100000000000000
772	0	0	0.0526315789473684	0.0526315789473684	0	0	0	0.0526315789473684	0.0526315789473684
774	0	0	0.160000000000000	0.160000000000000	0.0800000000000000	0.0800000000000000	0.0800000000000000	0.160000000000000	0.160000000000000
786	0.627450980392157	0.823529411764706	0.431372549019608	0.372549019607843	0.392156862745098	0.803921568627451	0.333333333333333	0.137254901960784	0.784313725490196
784	0.242424242424242	0.242424242424242	0.0909090909090909	0.0909090909090909	0.0303030303030303	0.242424242424242	0.181818181818182	0	0.242424242424242
874	0.880000000000000	0.640000000000000	0.280000000000000	0.440000000000000	0.600000000000000	0.840000000000000	0.560000000000000	0.360000000000000	0.480000000000000
875	0.777777777777778	0.666666666666667	0.111111111111111	0.777777777777778	0.333333333333333	0.666666666666667	0.555555555555556	0.555555555555556	0.222222222222222
876	0.714285714285714	0.571428571428571	0.142857142857143	0.428571428571429	0.285714285714286	0.571428571428571	0.428571428571429	0.285714285714286	0.285714285714286
890	0.0222222222222222	0	0	0	0.0222222222222222	0.0222222222222222	0	0	0
877	0.241379310344828	0.206896551724138	0.103448275862069	0.137931034482759	0.172413793103448	0.310344827586207	0.206896551724138	0.103448275862069	0.103448275862069
880	0.0588235294117647	0.176470588235294	0.235294117647059	0.176470588235294	0	0.176470588235294	0.235294117647059	0.176470588235294	0.176470588235294
951	0	0	0	0	0	0	0	0	0
882	0	0	0	0	0	0	0	0	0
884	0	0	0	0	0	0	0	0	0
883	0	0	0	0.0357142857142857	0.0357142857142857	0.0357142857142857	0.0357142857142857	0	0.0357142857142857
878	0.111111111111111	0.222222222222222	0.222222222222222	0	0.111111111111111	0.333333333333333	0.222222222222222	0	0.222222222222222
879	0	0.0769230769230769	0.0769230769230769	0	0	0.0769230769230769	0.0769230769230769	0	0.0769230769230769
881	0	0	0	0	0	0	0	0	0
927	0	0	0	0	0	0	0	0	0
954	0	0	0	0	0	0	0	0	0
952	0	0	0	0	0	0	0	0	0
834	0	0	0	0	0	0	0	0	0
955	0	0	0	0	0	0	0	0	0
835	0	0	0	0	0	0	0	0	0
852	0	0.0833333333333333	0.0416666666666667	0.0416666666666667	0.0833333333333333	0	0.0416666666666667	0.0833333333333333	0.0416666666666667
853	0	0.0333333333333333	0.0333333333333333	0	0.100000000000000	0.0666666666666667	0.0666666666666667	0.0666666666666667	0.0333333333333333
854	0.0689655172413793	0.137931034482759	0.0344827586206897	0	0.172413793103448	0.137931034482759	0.137931034482759	0.172413793103448	0.137931034482759
867	0.297297297297297	0.108108108108108	0.108108108108108	0.108108108108108	0.216216216216216	0.351351351351351	0.189189189189189	0.297297297297297	0.162162162162162
837	0	0	0	0	0	0	0	0	0
856	0.0416666666666667	0.0416666666666667	0.0416666666666667	0	0.166666666666667	0	0.0416666666666667	0	0.208333333333333
855	0	0	0	0.0625000000000000	0.0625000000000000	0.0625000000000000	0	0.0625000000000000	0.0625000000000000
868	0.363636363636364	0.227272727272727	0.136363636363636	0	0.363636363636364	0.318181818181818	0.181818181818182	0.363636363636364	0.363636363636364
823	0.444444444444444	0.148148148148148	0.481481481481481	0.222222222222222	0.222222222222222	0.481481481481481	0.111111111111111	0.259259259259259	0
824	0.473684210526316	0.315789473684211	0.368421052631579	0.0526315789473684	0.210526315789474	0.631578947368421	0.210526315789474	0.315789473684211	0.105263157894737
1243	0.230769230769231	0.0769230769230769	0.384615384615385	0.179487179487179	0.333333333333333	0.179487179487180	0.487179487179487	0.333333333333333	0.256410256410256
803	0.290322580645161	0.193548387096774	0.451612903225806	0.322580645161290	0.483870967741935	0.451612903225806	0.193548387096774	0.225806451612903	0.193548387096774
804	0.142857142857143	0.238095238095238	0.357142857142857	0.285714285714286	0.380952380952381	0.190476190476190	0.214285714285714	0.0714285714285714	0.238095238095238
1226	0	0	0.0200000000000000	0.100000000000000	0.200000000000000	0.0600000000000000	0.200000000000000	0.140000000000000	0.120000000000000
1213	0.162790697674419	0	0.186046511627907	0.0697674418604651	0.139534883720930	0.139534883720930	0.348837209302326	0.139534883720930	0.0697674418604651
1225	0.0263157894736842	0	0.131578947368421	0.210526315789474	0.289473684210526	0.236842105263158	0.394736842105263	0.184210526315789	0.315789473684211
1168	0.0158730158730159	0	0.0158730158730159	0.0793650793650794	0	0.0793650793650794	0.0158730158730159	0	0.0793650793650794
1215	0	0	0	0	0	0	0	0	0
1214	0	0	0	0.0714285714285714	0.107142857142857	0	0.107142857142857	0.0357142857142857	0.0714285714285714
1169	0	0	0	0.0232558139534884	0	0.0232558139534884	0	0	0.0232558139534884
1170	0	0	0	0	0	0	0	0	0
1130	0	0	0	0	0	0	0	0	0
1129	0	0	0	0	0	0	0	0	0
1150	0.0209790209790210	0.0419580419580420	0	0.0209790209790210	0.0419580419580420	0.0419580419580420	0.0419580419580420	0.0314685314685315	0.0419580419580420
1151	0	0	0	0	0	0	0	0	0
608	0	0	0	0	0	0	0	0	0
607	0	0	0	0	0	0	0	0	0
588	0	0	0	0	0	0	0	0	0
590	0	0	0	0	0	0	0	0	0
589	0	0	0	0	0	0	0	0	0
655	0	0	0	0	0	0	0	0	0
549	0	0	0	0	0	0	0	0	0
550	0	0	0	0	0	0	0	0	0
201	0	0	0	0	0	0	0	0	0
551	0	0	0	0	0	0	0	0	0
200	0	0	0	0	0	0	0	0	0
41	0.0370370370370370	0	0	0.0370370370370370	0.0370370370370370	0	0	0	0.0370370370370370
37	0.285714285714286	0	0	0.285714285714286	0.214285714285714	0.142857142857143	0.142857142857143	0.142857142857143	0.285714285714286
38	0.0555555555555556	0	0.111111111111111	0.166666666666667	0.0555555555555556	0.0555555555555556	0.166666666666667	0.166666666666667	0.166666666666667
36	0.176470588235294	0.0588235294117647	0.117647058823529	0.235294117647059	0.176470588235294	0.117647058823529	0.117647058823529	0.117647058823529	0.176470588235294
40	0	0	0	0	0	0	0	0	0
39	0.153846153846154	0	0.0769230769230769	0.153846153846154	0.115384615384615	0.0384615384615385	0.0384615384615385	0.0384615384615385	0.153846153846154
35	0.230769230769231	0	0	0.230769230769231	0.153846153846154	0.153846153846154	0.153846153846154	0.153846153846154	0.230769230769231
94	0.442622950819672	0.0819672131147541	0.163934426229508	0.196721311475410	0.262295081967213	0.459016393442623	0.114754098360656	0.262295081967213	0.196721311475410
96	0.0277777777777778	0	0	0.0277777777777778	0.0277777777777778	0.0277777777777778	0	0	0.0277777777777778
95	0.305555555555556	0	0.0555555555555556	0.194444444444444	0.166666666666667	0.305555555555556	0.0833333333333333	0.138888888888889	0.250000000000000
68	0	0	0	0	0	0	0	0	0
69	0	0	0	0	0	0	0	0	0
172	0	0	0	0	0	0	0	0	0
67	0	0	0	0	0	0	0	0	0
171	0	0	0	0	0	0	0	0	0
150	0	0	0	0	0	0	0	0	0
148	0	0	0	0	0	0	0	0	0
149	0	0	0	0	0	0	0	0	0
146	0	0	0	0	0	0	0	0	0
147	0	0	0	0	0	0	0	0	0
261	0	0	0	0	0	0	0	0	0
286	0	0	0	0	0	0	0	0	0
262	0	0	0	0	0	0	0	0	0
285	0	0	0	0	0	0	0	0	0
259	0	0	0	0	0	0	0	0	0
283	0	0	0	0	0	0	0	0	0
282	0	0	0	0	0	0	0	0	0
241	0	0	0	0	0	0	0	0	0
239	0	0	0	0	0	0	0	0	0
242	0	0	0	0	0	0	0	0	0
136	0.461538461538462	0.0769230769230769	0	0.230769230769231	0.0769230769230769	0.0769230769230769	0.0769230769230769	0.307692307692308	0.307692307692308
281	0	0	0	0	0	0	0	0	0
238	0.173913043478261	0	0	0.173913043478261	0.173913043478261	0	0	0	0.173913043478261
7	0	0	0	0	0	0	0	0	0
9	0.0588235294117647	0	0	0.117647058823529	0.0588235294117647	0.176470588235294	0.117647058823529	0	0
130	0	0	0	0	0	0	0	0	0
5	0	0	0	0	0	0	0	0	0
6	0	0	0	0	0	0	0	0	0
8	0	0	0	0	0	0	0	0	0
491	0	0	0	0	0	0	0	0	0
489	0	0	0	0	0	0	0	0	0
490	0	0	0	0	0	0	0	0	0
485	0	0	0	0	0	0	0	0	0
488	0	0	0	0	0	0	0	0	0
484	0	0	0	0	0	0	0	0	0
514	0	0	0	0	0	0	0	0	0
483	0	0	0	0	0	0	0	0	0
722	0	0	0	0	0	0	0	0	0
723	0	0	0	0	0	0	0	0	0
513	0	0	0	0	0	0	0	0	0
510	0	0	0	0	0	0	0	0	0
724	0	0	0	0	0	0	0	0	0
763	0	0	0	0	0	0	0	0	0
764	0	0	0	0	0	0	0	0	0
746	0	0	0	0	0	0	0	0	0
749	0	0	0	0	0	0	0	0	0
745	0	0	0	0	0	0	0	0	0
1077	0	0	0	0	0	0	0	0	0
1079	0	0	0	0	0	0	0	0	0
1263	0.0833333333333333	0.0833333333333333	0.166666666666667	0.166666666666667	0.166666666666667	0.166666666666667	0.166666666666667	0.166666666666667	0
769	0	0	0	0	0	0	0	0	0
748	0	0	0	0	0	0	0	0	0
747	0	0	0	0	0	0	0	0	0
785	0.393939393939394	0.484848484848485	0.212121212121212	0.242424242424242	0.181818181818182	0.393939393939394	0.242424242424242	0.121212121212121	0.393939393939394
773	0	0	0	0	0	0	0	0	0
887	0	0.0952380952380952	0.0952380952380952	0	0.0952380952380952	0.0952380952380952	0	0	0.0952380952380952
888	0.148148148148148	0.0740740740740741	0.185185185185185	0.111111111111111	0.0370370370370370	0.148148148148148	0.0370370370370370	0.0370370370370370	0.148148148148148
886	0	0	0	0	0	0	0	0	0
889	0.105263157894737	0.105263157894737	0.157894736842105	0.0526315789473684	0.157894736842105	0.210526315789474	0	0	0.157894736842105
946	0	0	0	0	0	0	0	0	0
948	0	0	0	0	0	0	0	0	0
922	0	0	0	0	0	0	0	0	0
899	0	0	0	0	0	0	0	0	0
947	0	0	0	0	0	0	0	0	0
949	0	0	0	0	0	0	0	0	0
950	0	0	0	0	0	0	0	0	0
902	0	0	0	0	0	0	0	0	0
923	0	0	0	0	0	0	0	0	0
924	0	0	0	0	0	0	0	0	0
925	0	0	0	0	0	0	0	0	0
904	0	0	0	0	0	0	0	0	0
905	0	0	0	0	0	0	0	0	0
906	0	0	0	0	0	0	0	0	0
907	0	0	0	0	0	0	0	0	0
1049	0	0	0	0	0	0	0	0	0
928	0	0	0	0	0	0	0	0	0
926	0	0	0	0	0	0	0	0	0
929	0	0	0	0	0	0	0	0	0
909	0	0	0	0	0	0	0	0	0
930	0	0	0	0	0	0	0	0	0
910	0	0	0	0	0	0	0	0	0
931	0	0	0	0	0	0	0	0	0
911	0	0	0	0	0	0	0	0	0
940	0	0	0	0	0	0	0	0	0
838	0	0	0	0	0	0	0	0	0
939	0	0	0	0	0	0	0	0	0
932	0	0	0	0	0	0	0	0	0
836	0	0	0	0	0	0	0	0	0
839	0	0	0	0	0	0	0	0	0
869	0.275862068965517	0.275862068965517	0.137931034482759	0.0689655172413793	0.344827586206897	0.310344827586207	0.137931034482759	0.413793103448276	0.275862068965517
825	0.238095238095238	0.571428571428571	0.142857142857143	0.0476190476190476	0.380952380952381	0.428571428571429	0.333333333333333	0.238095238095238	0.238095238095238
858	0	0	0.133333333333333	0	0	0	0	0.133333333333333	0
857	0.240000000000000	0.200000000000000	0	0.120000000000000	0.240000000000000	0.160000000000000	0.0400000000000000	0.160000000000000	0.120000000000000
859	0	0	0	0	0	0	0	0	0
870	0	0.0666666666666667	0	0	0.0666666666666667	0	0.0666666666666667	0.0666666666666667	0.0666666666666667
827	0	0	0	0	0	0	0	0	0
826	0	0.142857142857143	0	0	0	0	0.142857142857143	0	0
805	0	0.0256410256410256	0.0256410256410256	0.0256410256410256	0.0256410256410256	0.0256410256410256	0	0	0.0256410256410256
817	0	0.0256410256410256	0.0256410256410256	0.0256410256410256	0.0256410256410256	0.0256410256410256	0	0	0.0256410256410256
818	0	0	0	0	0	0	0	0	0
816	0	0	0	0	0	0	0	0	0
871	0	0	0	0	0	0	0	0	0
819	0	0	0	0	0	0	0	0	0
1227	0	0	0	0	0.0270270270270270	0	0.0270270270270270	0.0270270270270270	0
1228	0	0	0	0	0	0	0	0	0
1216	0	0	0	0	0	0	0	0	0
1229	0	0	0	0	0	0	0	0	0
1217	0	0	0	0	0	0	0	0	0
1172	0	0	0	0	0	0	0	0	0
1171	0	0	0	0	0	0	0	0	0
1174	0	0	0	0	0	0	0	0	0
1173	0	0	0	0	0	0	0	0	0
1131	0	0	0	0	0	0	0	0	0
1132	0	0	0	0	0	0	0	0	0
1133	0	0	0	0	0	0	0	0	0
1152	0	0	0	0	0	0	0	0	0
552	0	0	0	0	0	0	0	0	0
42	0	0	0	0	0	0	0	0	0
44	0	0	0	0	0	0	0	0	0
43	0	0	0	0	0	0	0	0	0
45	0	0	0	0	0	0	0	0	0
79	0	0	0	0	0	0	0	0	0
104	0	0	0	0	0	0	0	0	0
174	0	0	0	0	0	0	0	0	0
70	0	0	0	0	0	0	0	0	0
98	0	0	0	0	0	0	0	0	0
73	0	0	0	0	0	0	0	0	0
173	0	0	0	0	0	0	0	0	0
164	0	0	0	0	0	0	0	0	0
161	0	0	0	0	0	0	0	0	0
152	0	0	0	0	0	0	0	0	0
279	0	0	0	0	0	0	0	0	0
258	0	0	0	0	0	0	0	0	0
257	0	0	0	0	0	0	0	0	0
256	0	0	0	0	0	0	0	0	0
254	0	0	0	0	0	0	0	0	0
252	0	0	0	0	0	0	0	0	0
255	0	0	0	0	0	0	0	0	0
240	0	0	0	0	0	0	0	0	0
249	0	0	0	0	0	0	0	0	0
247	0	0	0	0	0	0	0	0	0
237	0	0	0	0	0	0	0	0	0
236	0	0	0	0	0	0	0	0	0
244	0	0	0	0	0	0	0	0	0
131	0.111111111111111	0	0	0	0	0.111111111111111	0	0.111111111111111	0.111111111111111
445	0	0	0	0	0	0	0	0	0
446	0	0	0	0	0	0	0	0	0
762	0	0	0	0	0	0	0	0	0
770	0	0	0	0	0	0	0	0	0
1076	0	0	0	0	0	0	0	0	0
768	0	0	0	0	0	0	0	0	0
781	0	0	0	0	0	0	0	0	0
780	0	0	0	0	0	0	0	0	0
1078	0	0	0	0	0	0	0	0	0
783	0	0	0	0	0	0	0	0	0
771	0	0	0	0	0	0	0	0	0
779	0	0	0	0	0	0	0	0	0
782	0	0	0	0	0	0	0	0	0
885	0	0	0	0	0	0	0	0	0
894	0	0	0	0	0	0	0	0	0
895	0	0	0	0	0	0	0	0	0
896	0	0	0	0	0	0	0	0	0
900	0	0	0	0	0	0	0	0	0
1071	0	0	0	0	0	0	0	0	0
901	0	0	0	0	0	0	0	0	0
1062	0	0	0	0	0	0	0	0	0
1046	0	0	0	0	0	0	0	0	0
1051	0	0	0	0	0	0	0	0	0
1050	0	0	0	0	0	0	0	0	0
913	0	0	0	0	0	0	0	0	0
941	0	0	0	0	0	0	0	0	0
942	0	0	0	0	0	0	0	0	0
840	0	0	0	0	0	0	0	0	0
915	0	0	0	0	0	0	0	0	0
933	0	0	0	0	0	0	0	0	0
934	0	0	0	0	0	0	0	0	0
935	0	0	0	0	0	0	0	0	0
938	0	0	0	0	0	0	0	0	0
841	0	0	0	0	0	0	0	0	0
865	0	0	0	0	0	0	0	0	0
844	0	0	0	0	0	0	0	0	0
860	0	0	0	0	0	0	0	0	0
861	0	0	0	0	0	0	0	0	0
872	0	0	0	0	0	0	0	0	0
807	0	0	0	0	0	0	0	0	0
820	0	0	0	0	0	0	0	0	0
806	0	0	0	0	0	0	0	0	0
1230	0	0	0	0	0	0	0	0	0
1218	0	0	0	0	0	0	0	0	0
1134	0	0	0	0	0	0	0	0	0
1153	0	0	0	0	0	0	0	0	0
105	0	0	0	0	0	0	0	0	0
99	0	0	0	0	0	0	0	0	0
75	0	0	0	0	0	0	0	0	0
72	0	0	0	0	0	0	0	0	0
71	0	0	0	0	0	0	0	0	0
74	0	0	0	0	0	0	0	0	0
78	0	0	0	0	0	0	0	0	0
175	0	0	0	0	0	0	0	0	0
154	0	0	0	0	0	0	0	0	0
361	0	0	0	0	0	0	0	0	0
360	0	0	0	0	0	0	0	0	0
358	0	0	0	0	0	0	0	0	0
248	0	0	0	0	0	0	0	0	0
246	0	0	0	0	0	0	0	0	0
892	0	0	0	0	0	0	0	0	0
893	0	0	0	0	0	0	0	0	0
1068	0	0	0	0	0	0	0	0	0
1069	0	0	0	0	0	0	0	0	0
1042	0	0	0	0	0	0	0	0	0
1070	0	0	0	0	0	0	0	0	0
1066	0	0	0	0	0	0	0	0	0
1044	0	0	0	0	0	0	0	0	0
919	0	0	0	0	0	0	0	0	0
917	0	0	0	0	0	0	0	0	0
943	0	0	0	0	0	0	0	0	0
845	0	0	0	0	0	0	0	0	0
842	0	0	0	0	0	0	0	0	0
623	0.625000000000000	0.541666666666667	0.333333333333333	0.812500000000000	0.708333333333333	0.812500000000000	0.437500000000000	0.687500000000000	0.604166666666667
1246	0.230769230769231	0.538461538461539	0.307692307692308	0.307692307692308	0.730769230769231	0.538461538461539	0.538461538461539	0.923076923076923	0.192307692307692
86	0.500000000000000	0.800000000000000	0.800000000000000	0.600000000000000	0.200000000000000	0.200000000000000	0.100000000000000	0.600000000000000	0.300000000000000
135	0.300000000000000	0	0.200000000000000	0.100000000000000	0.300000000000000	0.200000000000000	0.200000000000000	0	0.300000000000000
125	0.375000000000000	0	0	0.250000000000000	0.125000000000000	0	0.187500000000000	0	0.187500000000000
126	0.600000000000000	0	0	0	0.600000000000000	0	0	0	0
953	0	0	0	0	0	0	0	0	0
848	0	0.125000000000000	0.125000000000000	0.125000000000000	0	0.0625000000000000	0.125000000000000	0.125000000000000	0.125000000000000
591	0	0	0	0	0	0	0	0	0
151	0	0	0	0	0	0	0	0	0
284	0	0	0	0	0	0	0	0	0
260	0	0	0	0	0	0	0	0	0
133	0.266666666666667	0	0.0666666666666667	0	0.266666666666667	0.0666666666666667	0.0666666666666667	0	0.0666666666666667
4	0	0	0	0	0	0	0	0	0
486	0	0	0	0	0	0	0	0	0
512	0	0	0	0	0	0	0	0	0
511	0	0	0	0	0	0	0	0	0
1080	0	0	0	0	0	0	0	0	0
903	0	0	0	0	0	0	0	0	0
1047	0	0	0	0	0	0	0	0	0
1048	0	0	0	0	0	0	0	0	0
908	0	0	0	0	0	0	0	0	0
47	0	0	0	0	0	0	0	0	0
278	0	0	0	0	0	0	0	0	0
245	0	0	0	0	0	0	0	0	0
3	0	0	0	0	0	0	0	0	0
2	0	0	0	0	0	0	0	0	0
897	0	0	0	0	0	0	0	0	0
1045	0	0	0	0	0	0	0	0	0
1052	0	0	0	0	0	0	0	0	0
1054	0	0	0	0	0	0	0	0	0
916	0	0	0	0	0	0	0	0	0
813	0	0	0	0	0	0	0	0	0
1175	0	0	0	0	0	0	0	0	0
97	0	0	0	0	0	0	0	0	0
76	0	0	0	0	0	0	0	0	0
403	0	0	0	0	0	0	0	0	0
359	0	0	0	0	0	0	0	0	0
253	0	0	0	0	0	0	0	0	0
936	0	0	0	0	0	0	0	0	0
866	0	0	0	0	0	0	0	0	0
168	0	0	0	0	0	0	0	0	0
656	0	0	0	0	0	0	0	0	0
162	0	0	0	0	0	0	0	0	0
235	0	0	0	0	0	0	0	0	0
443	0	0	0	0	0	0	0	0	0
912	0	0	0	0	0	0	0	0	0
914	0	0	0	0	0	0	0	0	0
862	0	0	0	0	0	0	0	0	0
155	0	0	0	0	0	0	0	0	0
243	0	0	0	0	0	0	0	0	0
1043	0	0	0	0	0	0	0	0	0
944	0	0	0	0	0	0	0	0	0
1176	0	0	0	0	0	0	0	0	0
163	0	0	0	0	0	0	0	0	0
251	0	0	0	0	0	0	0	0	0
898	0	0	0	0	0	0	0	0	0
80	0	0	0	0	0	0	0	0	0
597	0	0	0	0	0	0	0	0	0
145	0	0	0	0	0	0	0	0	0
153	0	0	0	0	0	0	0	0	0
364	0	0	0	0	0	0	0	0	0
444	0	0	0	0	0	0	0	0	0
1058	0	0	0	0	0	0	0	0	0
158	0	0	0	0	0	0	0	0	0
363	0	0	0	0	0	0	0	0	0
357	0	0	0	0	0	0	0	0	0
1041	0	0	0	0	0	0	0	0	0
891	0	0	0	0	0	0	0	0	0
918	0	0	0	0	0	0	0	0	0
937	0	0	0	0	0	0	0	0	0
487	0	0	0	0	0	0	0	0	0
157	0	0	0	0	0	0	0	0	0
362	0	0	0	0	0	0	0	0	0