834	9
621	0.411111111111111	0.555555555555556	0.433333333333333	0.544444444444444	0.500000000000000	0.544444444444444	0.366666666666667	0.333333333333333	0.355555555555556
631	0.621951219512195	0.158536585365854	0.817073170731707	0.353658536585366	0.500000000000000	0.219512195121951	0.414634146341464	0.585365853658537	0.414634146341463
620	0.511627906976744	0.453488372093023	0.546511627906977	0.558139534883721	0.616279069767442	0.616279069767442	0.313953488372093	0.174418604651163	0.325581395348837
622	0.461538461538462	0.461538461538462	0.403846153846154	0.461538461538462	0.461538461538462	0.557692307692308	0.500000000000000	0.480769230769231	0.307692307692308
573	0.511111111111111	0.600000000000000	0.544444444444444	0.355555555555556	0.611111111111111	0.444444444444444	0.555555555555556	0.522222222222222	0.411111111111111
572	0.755319148936170	0.542553191489362	0.393617021276596	0.404255319148936	0.521276595744681	0.531914893617021	0.670212765957447	0.489361702127660	0.436170212765957
570	0.587500000000000	0.225000000000000	0.350000000000000	0.550000000000000	0.462500000000000	0.637500000000000	0.312500000000000	0.312500000000000	0.450000000000000
571	0.583333333333333	0.428571428571429	0.214285714285714	0.607142857142857	0.523809523809524	0.595238095238095	0.440476190476190	0.369047619047619	0.523809523809524
574	0.581818181818182	0.645454545454546	0.536363636363636	0.318181818181818	0.745454545454546	0.500000000000000	0.581818181818182	0.545454545454546	0.427272727272727
694	0.553191489361702	0.436170212765957	0.234042553191489	0.414893617021277	0.351063829787234	0.457446808510638	0.531914893617021	0.521276595744681	0.414893617021277
696	0.365384615384615	0.403846153846154	0.423076923076923	0.519230769230769	0.384615384615385	0.269230769230769	0.461538461538462	0.634615384615385	0.0769230769230769
700	0.517857142857143	0.446428571428571	0.321428571428571	0.446428571428571	0.553571428571429	0.625000000000000	0.553571428571429	0.428571428571429	0.267857142857143
699	0.673913043478261	0.456521739130435	0.391304347826087	0.391304347826087	0.456521739130435	0.760869565217391	0.652173913043478	0.369565217391304	0.108695652173913
693	0.472972972972973	0.689189189189189	0.459459459459460	0.648648648648649	0.459459459459460	0.716216216216216	0.527027027027027	0.689189189189189	0.432432432432432
625	0.805555555555556	0.138888888888889	0.555555555555556	0.222222222222222	0.652777777777778	0.263888888888889	0.319444444444445	0.652777777777778	0.555555555555556
626	0.785714285714286	0.369047619047619	0.904761904761905	0.535714285714286	0.619047619047619	0.285714285714286	0.250000000000000	0.797619047619048	0.416666666666667
624	0.700000000000000	0.125000000000000	0.500000000000000	0.375000000000000	0.337500000000000	0.400000000000000	0.412500000000000	0.737500000000000	0.300000000000000
576	0.619318181818182	0.761363636363637	0.829545454545455	0.460227272727273	0.750000000000000	0.426136363636364	0.505681818181818	0.625000000000000	0.653409090909091
575	0.686567164179105	0.686567164179104	0.753731343283582	0.417910447761194	0.701492537313433	0.432835820895522	0.462686567164179	0.611940298507463	0.597014925373134
641	0.598360655737705	0.352459016393443	0.319672131147541	0.352459016393443	0.196721311475410	0.639344262295082	0.598360655737705	0.377049180327869	0.377049180327869
642	0.656862745098039	0.656862745098039	0.598039215686274	0.225490196078431	0.549019607843137	0.647058823529412	0.490196078431373	0.549019607843137	0.313725490196078
643	0.727272727272727	0.643939393939394	0.659090909090909	0.477272727272727	0.628787878787879	0.598484848484848	0.583333333333333	0.704545454545454	0.477272727272727
534	0.803030303030303	0.560606060606061	0.727272727272727	0.727272727272727	0.621212121212121	0.757575757575757	0.651515151515151	0.878787878787879	0.666666666666667
532	0.475000000000000	0.250000000000000	0.400000000000000	0.575000000000000	0.350000000000000	0.800000000000000	0.450000000000000	0.575000000000000	0.525000000000000
640	0.512820512820513	0.320512820512821	0.217948717948718	0.346153846153846	0.141025641025641	0.756410256410256	0.615384615384615	0.346153846153846	0.358974358974359
639	0.672413793103448	0.241379310344828	0.155172413793103	0.250000000000000	0.0344827586206897	0.508620689655173	0.465517241379310	0.215517241379310	0.431034482758621
568	0.750000000000000	0.500000000000000	0.288461538461538	0.500000000000000	0	0.384615384615385	0.288461538461539	0.134615384615385	0.192307692307692
569	0.935483870967742	0.241935483870968	0.338709677419355	0.500000000000000	0.177419354838710	0.500000000000000	0.322580645161290	0.241935483870968	0.177419354838710
679	0.883333333333333	0.816666666666667	0.300000000000000	0.716666666666667	0	0.666666666666667	0.800000000000000	0.316666666666667	0.300000000000000
678	0.666666666666667	0.622807017543860	0.649122807017544	0.614035087719298	0.0526315789473684	0.745614035087719	0.324561403508772	0.587719298245614	0.421052631578947
698	0.808510638297872	0.478723404255319	0.404255319148936	0.446808510638298	0.191489361702128	0.680851063829787	0.797872340425532	0.478723404255319	0.319148936170213
680	0.687500000000000	0.687500000000000	0.354166666666667	0.770833333333333	0.145833333333333	0.354166666666667	0.729166666666667	0.208333333333333	0.250000000000000
619	0.666666666666667	0.395833333333333	0.645833333333333	0.562500000000000	0.312500000000000	0.687500000000000	0.291666666666667	0.187500000000000	0.166666666666667
1087	0.700000000000000	0.966666666666667	0.816666666666667	0.600000000000000	0.633333333333333	0.700000000000000	0.533333333333333	0.766666666666667	0.633333333333333
1089	0.913043478260870	0.760869565217391	0.934782608695652	0.652173913043478	0.652173913043478	0.543478260869565	0.673913043478261	0.608695652173913	0.652173913043478
616	0.283783783783784	0.459459459459460	0.405405405405405	0.351351351351351	0.0810810810810811	0.486486486486487	0.364864864864865	0.324324324324324	0.662162162162162
1103	0.755813953488372	0.720930232558140	0.569767441860465	0.523255813953488	0.593023255813954	0.558139534883721	0.488372093023256	0.604651162790698	0.825581395348837
707	0.750000000000000	0.903846153846154	0.711538461538462	0.692307692307693	0.278846153846154	0.923076923076923	0.384615384615385	0.634615384615385	0.278846153846154
692	0.731707317073171	0.719512195121951	0.762195121951220	0.603658536585366	0.310975609756098	0.658536585365854	0.689024390243903	0.548780487804878	0.432926829268293
1104	0.685714285714286	0.628571428571429	0.571428571428571	0.257142857142857	0.700000000000000	0.385714285714286	0.528571428571429	0.528571428571429	0.728571428571429
1113	0.630952380952381	0.619047619047619	0.404761904761905	0.345238095238095	0.250000000000000	0.333333333333333	0.488095238095238	0.595238095238095	0.547619047619048
1112	0.931818181818182	0.681818181818182	0.556818181818182	0.704545454545455	0.284090909090909	0.511363636363636	0.397727272727273	0.511363636363636	0.738636363636364
695	0.293103448275862	0.362068965517241	0.500000000000000	0.500000000000000	0.310344827586207	0.413793103448276	0.620689655172414	0.500000000000000	0.189655172413793
1109	0.464285714285714	0.476190476190476	0.595238095238095	0.357142857142857	0.357142857142857	0.345238095238095	0.619047619047619	0.547619047619048	0.226190476190476
697	0.465116279069767	0.453488372093023	0.686046511627907	0.360465116279070	0.290697674418605	0.244186046511628	0.465116279069767	0.558139534883721	0.0581395348837209
632	0.682926829268293	0.378048780487805	0.939024390243902	0.170731707317073	0.524390243902439	0.195121951219512	0.500000000000000	0.365853658536585	0.402439024390244
634	0.481481481481482	0.481481481481481	0.796296296296296	0.296296296296296	0.675925925925926	0.0740740740740741	0.592592592592593	0.166666666666667	0.175925925925926
633	0.528846153846154	0.336538461538462	0.836538461538462	0.134615384615385	0.826923076923077	0.201923076923077	0.442307692307692	0.403846153846154	0.230769230769231
1108	0.510416666666667	0.479166666666667	0.468750000000000	0.385416666666667	0.447916666666667	0.364583333333333	0.687500000000000	0.531250000000000	0.250000000000000
1107	0.500000000000000	0.471428571428572	0.471428571428572	0.314285714285714	0.371428571428571	0.457142857142857	0.542857142857143	0.485714285714286	0.257142857142857
1111	0.630952380952381	0.440476190476190	0.642857142857143	0.238095238095238	0.738095238095238	0.0476190476190476	0.559523809523809	0.392857142857143	0.250000000000000
1110	0.489583333333333	0.447916666666667	0.666666666666667	0.197916666666667	0.593750000000000	0.166666666666667	0.593750000000000	0.437500000000000	0.125000000000000
1106	0.552631578947368	0.407894736842105	0.315789473684211	0.250000000000000	0.578947368421053	0.657894736842105	0.539473684210526	0.434210526315789	0.263157894736842
1105	0.776315789473684	0.407894736842105	0.263157894736842	0.223684210526316	0.592105263157895	0.552631578947368	0.447368421052632	0.565789473684211	0.631578947368421
1102	0.925925925925926	0.694444444444444	0.620370370370371	0.657407407407407	0.388888888888889	0.648148148148148	0.518518518518519	0.601851851851852	0.712962962962963
1114	0.473214285714286	0.401785714285714	0.339285714285714	0.375000000000000	0.535714285714286	0.571428571428571	0.651785714285714	0.428571428571429	0.330357142857143
1115	0.288135593220339	0.483050847457627	0.177966101694915	0.372881355932203	0.576271186440678	0.372881355932203	0.584745762711864	0.355932203389831	0.347457627118644
627	0.361111111111111	0.722222222222222	0.944444444444444	0.398148148148148	0.722222222222222	0.157407407407407	0.296296296296296	0.907407407407407	0.388888888888889
629	0.0357142857142857	0.571428571428571	0.803571428571429	0.491071428571429	0.687500000000000	0.223214285714286	0.830357142857143	0.285714285714286	0.526785714285714
628	0.226190476190476	0.809523809523810	0.821428571428572	0.410714285714286	0.672619047619048	0.154761904761905	0.565476190476191	0.511904761904762	0.273809523809524
635	0.323076923076923	0.453846153846154	0.723076923076923	0.230769230769231	0.630769230769231	0.307692307692308	0.669230769230769	0.507692307692308	0.115384615384615
1146	0.298245614035088	0.447368421052632	0.697368421052632	0.276315789473684	0.728070175438597	0.403508771929825	0.600877192982456	0.500000000000000	0.258771929824561
1145	0.291666666666667	0.358333333333333	0.541666666666667	0.133333333333333	0.600000000000000	0.266666666666667	0.466666666666667	0.491666666666667	0.150000000000000
1119	0.216216216216216	0.283783783783784	0.351351351351351	0.135135135135135	0.418918918918919	0.0810810810810811	0.189189189189189	0.540540540540541	0.108108108108108
1144	0.268292682926829	0.170731707317073	0.524390243902439	0.170731707317073	0.512195121951220	0.195121951219512	0.365853658536585	0.463414634146341	0.243902439024390
1118	0.291666666666667	0.152777777777778	0.0972222222222222	0.0138888888888889	0.541666666666667	0.0416666666666667	0.291666666666667	0.222222222222222	0.125000000000000
659	0.491525423728814	0.822033898305085	0.822033898305085	0.584745762711864	0.754237288135593	0.432203389830508	0.855932203389830	0.423728813559322	0.983050847457627
658	0.714285714285714	0.910714285714286	0.741071428571429	0.714285714285714	0.696428571428571	0.580357142857143	0.696428571428571	0.410714285714286	0.785714285714286
644	0.785714285714286	0.571428571428571	0.607142857142857	0.404761904761905	0.583333333333333	0.583333333333333	0.583333333333333	0.666666666666667	0.547619047619048
657	0.728070175438597	0.956140350877193	0.675438596491228	0.491228070175439	0.570175438596491	0.535087719298246	0.754385964912280	0.394736842105263	0.736842105263158
578	0.192307692307692	0.807692307692308	0.769230769230769	0.523076923076923	0.692307692307692	0.323076923076923	0.738461538461539	0.323076923076923	0.738461538461539
645	0.644736842105263	0.815789473684211	0.697368421052632	0.565789473684211	0.690789473684211	0.480263157894737	0.809210526315790	0.486842105263158	0.480263157894737
535	0.793103448275862	0.620689655172414	0.879310344827586	0.793103448275862	0.672413793103448	0.982758620689655	0.862068965517241	0.827586206896552	0.603448275862069
537	0.659090909090909	0.659090909090909	0.920454545454545	0.806818181818182	0.829545454545455	0.886363636363636	0.988636363636364	0.500000000000000	0.750000000000000
533	0.676470588235294	0.500000000000000	0.617647058823529	0.558823529411765	0.617647058823529	0.676470588235294	0.823529411764706	0.882352941176471	0.676470588235294
538	0.602564102564103	0.730769230769231	0.820512820512821	0.666666666666667	0.717948717948718	0.884615384615385	0.974358974358975	0.500000000000000	0.769230769230769
553	0.625000000000000	0.437500000000000	0.562500000000000	0.520833333333333	0.354166666666667	0.750000000000000	0.416666666666667	0.750000000000000	0.583333333333333
536	0.629629629629630	0.648148148148148	0.833333333333334	0.703703703703704	0.592592592592593	0.777777777777778	0.870370370370370	0.629629629629630	0.629629629629630
556	0.681818181818182	0.651515151515151	0.515151515151515	0.560606060606061	0.575757575757576	0.833333333333333	0.621212121212121	0.939393939393939	0.606060606060606
554	0.489583333333333	0.510416666666667	0.437500000000000	0.479166666666667	0.458333333333333	0.822916666666667	0.458333333333333	0.750000000000000	0.500000000000000
530	0.487500000000000	0.175000000000000	0.150000000000000	0.487500000000000	0.175000000000000	0.537500000000000	0.487500000000000	0.362500000000000	0.587500000000000
555	0.676470588235294	0.794117647058824	0.588235294117647	0.764705882352941	0.294117647058824	0.705882352941177	0.794117647058824	1	0.500000000000000
531	0.243243243243243	0.135135135135135	0.162162162162162	0.486486486486487	0.108108108108108	0.689189189189189	0.608108108108108	0.445945945945946	0.513513513513514
188	0.385245901639344	0.500000000000000	0.581967213114754	0.344262295081967	0.295081967213115	0.598360655737705	0.336065573770492	0.704918032786885	0.581967213114754
560	0.256756756756757	0.270270270270270	0.216216216216216	0.418918918918919	0.189189189189189	0.432432432432432	0.243243243243243	0.378378378378378	0.554054054054054
559	0.156250000000000	0.312500000000000	0.312500000000000	0.531250000000000	0.281250000000000	0.406250000000000	0.406250000000000	0.343750000000000	0.437500000000000
529	0.365853658536585	0.280487804878049	0.268292682926829	0.182926829268293	0.0731707317073171	0.512195121951220	0.524390243902439	0.365853658536585	0.390243902439024
618	0.807692307692308	0.576923076923077	0.442307692307692	0.403846153846154	0.0384615384615385	0.519230769230769	0.384615384615385	0.211538461538462	0.115384615384615
557	0.458333333333333	0.187500000000000	0.0833333333333333	0.447916666666667	0.145833333333333	0.406250000000000	0.437500000000000	0.270833333333333	0.427083333333333
528	0.200000000000000	0.175000000000000	0.600000000000000	0.287500000000000	0	0.300000000000000	0.350000000000000	0.237500000000000	0.300000000000000
558	0.233333333333333	0.200000000000000	0.266666666666667	0.300000000000000	0.266666666666667	0.333333333333333	0.266666666666667	0.366666666666667	0.633333333333333
527	0.0810810810810811	0.162162162162162	0.459459459459460	0.324324324324324	0	0.243243243243243	0.324324324324324	0.243243243243243	0.135135135135135
638	0.579545454545455	0.363636363636364	0.250000000000000	0.272727272727273	0	0.420454545454545	0.340909090909091	0.250000000000000	0.295454545454545
637	0.326530612244898	0.255102040816327	0.387755102040816	0.357142857142857	0	0.387755102040816	0.275510204081633	0.295918367346939	0.357142857142857
636	0.378378378378378	0.256756756756757	0.256756756756757	0.432432432432432	0	0.297297297297297	0.513513513513514	0.189189189189189	0.540540540540541
567	0.352941176470588	0.411764705882353	0.529411764705882	0.411764705882353	0	0.352941176470588	0.176470588235294	0.294117647058824	0.500000000000000
566	0.153846153846154	0.307692307692308	0.519230769230769	0.230769230769231	0	0.423076923076923	0.423076923076923	0.307692307692308	0.653846153846154
617	0.818181818181818	0.696969696969697	0.469696969696970	0.484848484848485	0.0151515151515152	0.651515151515152	0.242424242424242	0.424242424242424	0.227272727272727
677	0.427083333333333	0.427083333333333	0.520833333333333	0.510416666666667	0.250000000000000	0.572916666666667	0.333333333333333	0.583333333333333	0.729166666666667
691	0.709302325581396	0.872093023255814	0.825581395348837	0.674418604651163	0.313953488372093	0.720930232558140	0.511627906976744	0.546511627906977	0.302325581395349
675	0.475609756097561	0.487804878048781	0.609756097560976	0.158536585365854	0.463414634146342	0.695121951219512	0.695121951219512	0.317073170731707	0.841463414634146
676	0.457142857142857	0.457142857142857	0.542857142857143	0.442857142857143	0.242857142857143	0.614285714285714	0.400000000000000	0.542857142857143	0.671428571428571
615	0.0555555555555556	0.388888888888889	0.305555555555556	0.500000000000000	0	0.527777777777778	0.277777777777778	0.222222222222222	0.916666666666667
690	0.657142857142857	0.800000000000000	0.900000000000000	0.571428571428572	0.242857142857143	0.885714285714286	0.171428571428571	0.600000000000000	0.457142857142857
706	0.589743589743590	0.910256410256411	0.692307692307692	0.641025641025641	0.461538461538462	0.833333333333333	0.333333333333333	0.551282051282051	0.371794871794872
1088	1.00000000000000	0.916666666666667	1.00000000000000	0.458333333333333	0.583333333333333	0.333333333333333	0.750000000000000	0.750000000000000	0.583333333333333
1086	0.727272727272727	0.981818181818182	0.836363636363636	0.745454545454546	0.454545454545455	0.909090909090909	0.436363636363636	0.709090909090909	0.690909090909091
1101	0.818181818181818	0.954545454545455	0.757575757575758	0.628787878787879	0.484848484848485	0.795454545454545	0.696969696969697	0.765151515151515	0.712121212121212
704	0.678571428571429	0.928571428571428	0.678571428571429	0.714285714285714	0.714285714285714	0.714285714285714	0.285714285714286	0.732142857142857	0.642857142857143
1091	0.729166666666667	0.791666666666667	0.895833333333333	0.458333333333333	0.312500000000000	0.166666666666667	0.604166666666667	0.125000000000000	0.583333333333333
1090	0.738095238095238	0.738095238095238	0.761904761904762	0.690476190476191	0.380952380952381	0.285714285714286	0.547619047619048	0.238095238095238	0.476190476190476
1092	0.677419354838710	0.693548387096774	0.580645161290323	0.451612903225806	0.161290322580645	0.322580645161290	0.290322580645161	0.387096774193548	0.548387096774194
1094	0.500000000000000	0.227272727272727	0.750000000000000	0.363636363636364	0.250000000000000	0.227272727272727	0.568181818181818	0.136363636363636	0.363636363636364
1093	0.439393939393939	0.545454545454546	0.787878787878788	0.318181818181818	0.166666666666667	0.363636363636364	0.560606060606061	0.212121212121212	0.575757575757576
1095	0.537500000000000	0.187500000000000	0.500000000000000	0.275000000000000	0.337500000000000	0.400000000000000	0.437500000000000	0.275000000000000	0.237500000000000
1250	0.261904761904762	0.0476190476190476	0.666666666666667	0.547619047619048	0.142857142857143	0.333333333333333	0.523809523809524	0.0952380952380952	0.666666666666667
1259	0.142857142857143	0.202380952380952	0.464285714285714	0.476190476190476	0.214285714285714	0.273809523809524	0.190476190476190	0.142857142857143	0.380952380952381
1237	0.166666666666667	0.0416666666666667	0	0.395833333333333	0.583333333333333	0.458333333333333	0.208333333333333	0.583333333333333	0.375000000000000
1116	0.245762711864407	0.254237288135593	0.194915254237288	0.262711864406780	0.474576271186441	0.220338983050847	0.449152542372881	0.305084745762712	0.245762711864407
1096	0.239583333333333	0.166666666666667	0.395833333333333	0.447916666666667	0.385416666666667	0.250000000000000	0.375000000000000	0.354166666666667	0.156250000000000
1161	0.232558139534884	0	0.511627906976744	0.302325581395349	0.197674418604651	0.337209302325581	0.0697674418604651	0.406976744186047	0.162790697674419
1162	0.172413793103448	0	0.413793103448276	0.310344827586207	0.362068965517241	0.206896551724138	0.103448275862069	0.362068965517241	0.206896551724138
1117	0.218750000000000	0.281250000000000	0.125000000000000	0.0781250000000000	0.609375000000000	0.0937500000000000	0.250000000000000	0.140625000000000	0.218750000000000
1159	0.169354838709677	0.233870967741935	0.169354838709677	0.0241935483870968	0.451612903225806	0.0645161290322581	0.169354838709677	0.201612903225806	0.0967741935483871
1160	0.266666666666667	0.0333333333333333	0.333333333333333	0.0333333333333333	0.233333333333333	0.183333333333333	0.0666666666666667	0.350000000000000	0.100000000000000
1120	0.392857142857143	0.160714285714286	0.321428571428571	0.0714285714285714	0.678571428571429	0.107142857142857	0.214285714285714	0.803571428571429	0.178571428571429
1121	0.395348837209302	0.0930232558139535	0.406976744186047	0.302325581395349	0.604651162790698	0.337209302325581	0.337209302325581	0.744186046511628	0.116279069767442
1099	0.0769230769230769	0.115384615384615	0.384615384615385	0.230769230769231	0.288461538461539	0.307692307692308	0.0769230769230769	0.365384615384615	0.0384615384615385
660	0.383561643835616	0.691780821917808	0.863013698630137	0.424657534246575	0.876712328767123	0.513698630136986	0.602739726027397	0.390410958904110	0.931506849315068
647	0.870967741935484	1	0.709677419354839	0.806451612903226	0.774193548387097	0.548387096774194	0.838709677419355	0.596774193548387	0.838709677419355
646	0.547619047619048	1	0.571428571428571	0.690476190476191	0.654761904761905	0.607142857142857	0.928571428571429	0.488095238095238	0.833333333333333
577	0.415384615384615	0.853846153846154	0.769230769230769	0.538461538461539	0.738461538461539	0.461538461538462	0.723076923076923	0.461538461538462	0.715384615384616
579	0.185185185185185	0.712962962962963	0.722222222222222	0.648148148148148	0.759259259259259	0.388888888888889	0.777777777777778	0.111111111111111	0.833333333333333
648	0.648148148148148	0.870370370370370	0.685185185185185	0.888888888888889	0.833333333333333	0.629629629629630	0.564814814814815	0.694444444444444	0.648148148148148
649	0.537974683544304	0.544303797468354	0.670886075949367	0.784810126582278	0.727848101265823	0.500000000000000	0.518987341772152	0.455696202531646	0.468354430379747
191	0.619047619047619	0.654761904761905	0.952380952380953	0.559523809523810	0.809523809523810	0.904761904761905	0.809523809523810	0.666666666666667	0.773809523809524
203	1.00000000000000	0.896551724137931	0.793103448275862	0.689655172413793	0.913793103448276	0.931034482758621	0.896551724137931	0.741379310344828	0.775862068965517
202	0.977272727272727	0.795454545454545	0.681818181818182	0.659090909090909	0.965909090909091	0.931818181818182	1.00000000000000	0.738636363636364	0.704545454545454
539	0.602941176470588	0.867647058823529	0.558823529411765	0.691176470588235	0.867647058823529	0.794117647058824	0.897058823529412	0.676470588235294	0.750000000000000
540	0.750000000000000	0.925000000000000	0.600000000000000	0.625000000000000	0.800000000000000	0.650000000000000	0.750000000000000	0.787500000000000	0.575000000000000
208	0.700000000000000	0.642857142857143	0.971428571428572	0.714285714285714	0.285714285714286	0.971428571428572	0.828571428571429	0.457142857142857	0.757142857142857
190	0.543859649122807	0.692982456140351	0.719298245614035	0.631578947368421	0.578947368421053	0.833333333333333	0.675438596491228	0.657894736842105	0.771929824561404
189	0.453488372093023	0.790697674418605	0.569767441860465	0.441860465116279	0.500000000000000	0.813953488372093	0.406976744186046	0.802325581395349	0.686046511627907
192	0.863636363636364	0.750000000000000	0.840909090909091	0.670454545454545	0.829545454545455	0.977272727272727	0.977272727272727	0.829545454545454	0.625000000000000
207	0.435483870967742	0.677419354838710	0.870967741935484	0.661290322580645	0.354838709677419	0.854838709677419	0.758064516129032	0.500000000000000	0.612903225806452
206	0.580000000000000	0.620000000000000	0.760000000000000	0.800000000000000	0.340000000000000	0.760000000000000	0.760000000000000	0.420000000000000	0.800000000000000
204	0.511904761904762	0.547619047619048	0.595238095238095	0.333333333333333	0.214285714285714	0.678571428571429	0.392857142857143	0.750000000000000	0.571428571428571
205	0.409090909090909	0.477272727272727	0.818181818181818	0.363636363636364	0.318181818181818	0.681818181818182	0.704545454545455	0.659090909090909	0.522727272727273
20	0.405405405405405	0.432432432432432	0.783783783783784	0.513513513513514	0.270270270270270	0.540540540540541	0.675675675675676	0.581081081081081	0.675675675675676
187	0.298245614035088	0.280701754385965	0.500000000000000	0.166666666666667	0.298245614035088	0.482456140350877	0.184210526315789	0.368421052631579	0.456140350877193
17	0.173076923076923	0.182692307692308	0.317307692307692	0.346153846153846	0.471153846153846	0.336538461538462	0.115384615384615	0.442307692307692	0.634615384615385
186	0.254901960784314	0.0196078431372549	0.392156862745098	0.156862745098039	0.176470588235294	0.392156862745098	0.0490196078431373	0.225490196078431	0.401960784313725
503	0.229166666666667	0.0208333333333333	0.427083333333333	0.197916666666667	0.229166666666667	0.114583333333333	0.135416666666667	0.406250000000000	0.604166666666667
502	0.139534883720930	0.151162790697674	0.383720930232558	0.186046511627907	0.0930232558139535	0.0232558139534884	0.395348837209302	0.302325581395349	0.348837209302326
526	0.127450980392157	0.0686274509803922	0.450980392156863	0.313725490196078	0.0784313725490196	0.254901960784314	0.137254901960784	0.333333333333333	0.264705882352941
18	0.382978723404255	0.287234042553191	0.287234042553191	0.351063829787234	0.563829787234043	0.287234042553192	0.212765957446809	0.425531914893617	0.585106382978723
525	0.297297297297297	0.121621621621622	0.189189189189189	0.472972972972973	0.243243243243243	0.405405405405405	0.229729729729730	0.189189189189189	0.324324324324324
501	0.206896551724138	0.0344827586206897	0.396551724137931	0.517241379310345	0.137931034482759	0.172413793103448	0.241379310344828	0.241379310344828	0.379310344827586
565	0.416666666666667	0.166666666666667	0.375000000000000	0.666666666666667	0	0.291666666666667	0.500000000000000	0.0833333333333333	0.583333333333333
499	0	0.272727272727273	0.318181818181818	0.636363636363637	0	0.0909090909090909	0.454545454545455	0.0909090909090909	0
524	0.540816326530612	0.336734693877551	0.163265306122449	0.316326530612245	0.204081632653061	0.397959183673469	0.142857142857143	0.0918367346938775	0.459183673469388
564	0.222222222222222	0.277777777777778	0.111111111111111	0.444444444444444	0	0.444444444444444	0.666666666666667	0.111111111111111	0.833333333333334
562	0.697674418604651	0.534883720930233	0.337209302325581	0.430232558139535	0.116279069767442	0.709302325581395	0.558139534883721	0.255813953488372	0.732558139534884
563	0.285714285714286	0.285714285714286	0.285714285714286	0.571428571428571	0.0714285714285714	0.571428571428571	0.642857142857143	0.357142857142857	0.714285714285714
674	0.538461538461538	0.564102564102564	0.666666666666667	0.153846153846154	0.525641025641026	0.794871794871795	0.743589743589744	0.320512820512821	0.833333333333333
681	0.571428571428572	0.523809523809524	0.714285714285714	0.404761904761905	0.428571428571429	0.833333333333333	0.654761904761905	0.309523809523810	0.845238095238095
672	0.608108108108108	0.702702702702703	0.662162162162162	0.621621621621622	0.797297297297297	0.743243243243243	0.513513513513514	0.270270270270270	0.783783783783784
673	0.588235294117647	0.441176470588235	0.691176470588235	0.470588235294118	0.705882352941177	0.867647058823529	0.691176470588235	0.279411764705882	0.838235294117647
711	0.785714285714286	0.714285714285714	0.428571428571429	0.357142857142857	0.357142857142857	0.785714285714286	0.857142857142857	0.464285714285714	0.714285714285714
710	0.708333333333333	0.583333333333333	0.458333333333333	0.0833333333333333	0.458333333333333	0.833333333333333	0.750000000000000	0.500000000000000	0.541666666666667
688	0.700000000000000	0.625000000000000	0.525000000000000	0.300000000000000	0.625000000000000	0.500000000000000	0.400000000000000	0.550000000000000	0.625000000000000
709	0.710526315789474	0.618421052631579	0.381578947368421	0.407894736842105	0.460526315789474	0.736842105263158	0.657894736842105	0.697368421052631	0.460526315789474
689	0.640625000000000	0.734375000000000	0.421875000000000	0.437500000000000	0.500000000000000	0.750000000000000	0.500000000000000	0.656250000000000	0.718750000000000
687	0.583333333333333	0.270833333333333	0.645833333333333	0.208333333333333	0.458333333333333	0.500000000000000	0.312500000000000	0.833333333333333	0.291666666666667
703	0.823529411764706	0.882352941176471	0.647058823529412	0.500000000000000	0.852941176470588	0.500000000000000	0.397058823529412	0.720588235294118	0.705882352941177
702	0.909090909090909	0.727272727272727	0.727272727272727	0.318181818181818	0.795454545454545	0.681818181818182	0.477272727272727	0.704545454545455	0.727272727272727
705	0.565217391304348	0.913043478260869	0.826086956521739	0.652173913043478	0.521739130434783	0.739130434782609	0.260869565217391	0.826086956521739	0.521739130434783
1190	0.733333333333333	0.722222222222222	0.777777777777778	0.455555555555555	0.844444444444444	0.644444444444445	0.511111111111111	0.900000000000000	0.688888888888889
1085	0.707547169811321	0.962264150943396	0.754716981132075	0.820754716981132	0.537735849056604	0.735849056603774	0.622641509433962	0.566037735849057	0.764150943396226
1189	0.626582278481013	0.822784810126582	0.797468354430380	0.544303797468355	0.683544303797468	0.575949367088608	0.664556962025316	0.791139240506329	0.721518987341772
1181	0.705128205128205	0.897435897435897	0.769230769230769	0.820512820512821	0.666666666666667	0.705128205128205	0.294871794871795	0.576923076923077	0.820512820512821
1188	0.800000000000000	0.885714285714286	1	0.685714285714286	0.542857142857143	0.600000000000000	0.771428571428572	0.814285714285714	0.500000000000000
1182	0.863636363636364	0.893939393939394	0.757575757575758	0.712121212121212	0.606060606060606	0.681818181818182	0.636363636363637	0.454545454545455	0.787878787878788
1184	0.722222222222222	0.777777777777778	0.888888888888889	0.722222222222222	0.722222222222222	0.666666666666667	0.555555555555556	0.500000000000000	0.666666666666667
1187	0.750000000000000	0.863636363636364	0.954545454545455	0.704545454545454	0.477272727272727	0.750000000000000	0.477272727272727	0.363636363636364	0.522727272727273
1183	0.812500000000000	0.895833333333333	0.750000000000000	0.791666666666667	0.645833333333333	0.645833333333333	0.583333333333333	0.562500000000000	0.645833333333333
1186	0.800000000000000	0.975000000000000	0.900000000000000	0.725000000000000	0.700000000000000	0.800000000000000	0.650000000000000	0.550000000000000	0.350000000000000
1185	0.916666666666667	0.875000000000000	0.916666666666667	0.916666666666667	0.541666666666667	0.750000000000000	0.500000000000000	0.458333333333333	0.458333333333333
1200	0.911764705882353	0.779411764705883	0.794117647058824	0.661764705882353	0.411764705882353	0.323529411764706	0.352941176470588	0.279411764705882	0.720588235294118
1198	0.907407407407407	0.722222222222222	0.888888888888889	0.574074074074074	0.851851851851852	0.629629629629630	0.629629629629630	0.592592592592593	0.722222222222222
1245	0.631578947368421	0.723684210526316	0.684210526315790	0.552631578947368	0.565789473684211	0.539473684210526	0.447368421052632	0.473684210526316	0.565789473684211
1203	0.724137931034483	0.448275862068966	0.500000000000000	0.793103448275862	0.448275862068965	0.620689655172414	0.275862068965517	0.603448275862069	0.448275862068966
1247	0.560000000000000	0.300000000000000	0.800000000000000	0.600000000000000	0.400000000000000	0.400000000000000	0.320000000000000	0.360000000000000	0.500000000000000
1248	0.291666666666667	0.250000000000000	0.666666666666667	0.541666666666667	0.312500000000000	0.229166666666667	0.312500000000000	0.166666666666667	0.437500000000000
1244	0.730769230769231	0.846153846153846	0.692307692307692	0.461538461538462	0.307692307692308	0.307692307692308	0.384615384615385	0.423076923076923	0.500000000000000
1249	0.260869565217391	0.173913043478261	0.652173913043478	0.369565217391304	0.0869565217391304	0.282608695652174	0.304347826086957	0.195652173913043	0.565217391304348
1251	0.0500000000000000	0.400000000000000	0.233333333333333	0.250000000000000	0.183333333333333	0.183333333333333	0.266666666666667	0.400000000000000	0.100000000000000
1252	0.0555555555555556	0.333333333333333	0.0555555555555556	0.263888888888889	0.138888888888889	0.361111111111111	0.166666666666667	0.500000000000000	0.111111111111111
1097	0.153846153846154	0.250000000000000	0.307692307692308	0.346153846153846	0.346153846153846	0.153846153846154	0.307692307692308	0.384615384615385	0.0576923076923077
1098	0.115384615384615	0.173076923076923	0.115384615384615	0.307692307692308	0.288461538461538	0.230769230769231	0.0769230769230769	0.461538461538462	0.0576923076923077
1253	0.114285714285714	0.142857142857143	0.171428571428571	0.142857142857143	0.0857142857142857	0.285714285714286	0.171428571428571	0.371428571428571	0.0857142857142857
1100	0.137931034482759	0.0172413793103448	0.379310344827586	0.293103448275862	0.327586206896552	0.275862068965517	0.103448275862069	0.258620689655172	0.120689655172414
1147	0.218750000000000	0.387500000000000	0.606250000000000	0.356250000000000	0.793750000000000	0.443750000000000	0.493750000000000	0.450000000000000	0.343750000000000
1148	0.178571428571429	0.290816326530612	0.540816326530612	0.377551020408163	0.571428571428572	0.367346938775510	0.377551020408163	0.362244897959184	0.428571428571429
582	0.466101694915254	0.415254237288136	0.415254237288136	0.347457627118644	0.779661016949153	0.406779661016949	0.381355932203390	0.330508474576271	0.440677966101695
630	0.109375000000000	0.359375000000000	0.742187500000000	0.671875000000000	0.812500000000000	0.195312500000000	0.578125000000000	0.273437500000000	0.593750000000000
580	0.202702702702703	0.540540540540541	0.702702702702703	0.716216216216216	0.932432432432433	0.351351351351351	0.648648648648649	0.182432432432432	0.864864864864865
581	0.341269841269841	0.420634920634921	0.626984126984127	0.388888888888889	1.00000000000000	0.285714285714286	0.428571428571429	0.436507936507937	0.626984126984127
662	0.394366197183099	0.323943661971831	0.380281690140845	0.169014084507042	0.408450704225352	0.112676056338028	0.450704225352113	0.464788732394366	0.556338028169014
661	0.468253968253968	0.579365079365079	0.642857142857143	0.349206349206349	0.698412698412698	0.253968253968254	0.515873015873016	0.500000000000000	0.825396825396825
663	0.223529411764706	0.158823529411765	0.194117647058824	0.0470588235294118	0.188235294117647	0.0352941176470588	0.235294117647059	0.276470588235294	0.282352941176471
601	0.370370370370370	0.370370370370370	0.370370370370370	0.222222222222222	0.555555555555556	0.444444444444444	0.222222222222222	0.333333333333333	0.333333333333333
543	0.637931034482759	0.672413793103448	0.603448275862069	0.655172413793104	0.681034482758621	0.413793103448276	0.750000000000000	0.465517241379310	0.500000000000000
541	0.750000000000000	0.894736842105263	0.552631578947368	0.684210526315789	0.842105263157895	0.697368421052632	0.763157894736842	0.815789473684210	0.578947368421052
542	0.750000000000000	0.729166666666667	0.708333333333333	0.697916666666667	0.812500000000000	0.510416666666667	0.781250000000000	0.656250000000000	0.520833333333333
193	0.875000000000000	0.700000000000000	0.400000000000000	0.700000000000000	0.812500000000000	0.850000000000000	0.900000000000000	0.900000000000000	0.700000000000000
194	0.818181818181818	0.818181818181818	0.218181818181818	0.654545454545455	0.727272727272727	0.654545454545455	0.781818181818182	0.963636363636364	0.790909090909091
25	0.683333333333334	0.566666666666667	0.533333333333333	0.741666666666667	0.533333333333333	0.916666666666667	0.800000000000000	0.816666666666667	0.750000000000000
24	0.596153846153846	0.538461538461538	0.846153846153846	0.807692307692308	0.576923076923077	1	0.865384615384615	0.721153846153846	0.653846153846154
22	0.962962962962963	0.333333333333333	0.666666666666667	0.666666666666667	0.333333333333333	0.851851851851852	0.814814814814815	0.685185185185185	0.814814814814815
124	0.947368421052631	0.368421052631579	0.447368421052632	0.657894736842105	0.210526315789474	0.894736842105263	0.631578947368421	0.842105263157895	0.526315789473684
110	0.666666666666667	0.472222222222222	0.583333333333333	0.472222222222222	0.611111111111111	0.833333333333333	0.388888888888889	0.722222222222222	0.694444444444444
21	0.742857142857143	0.514285714285714	0.528571428571429	0.657142857142857	0.185714285714286	0.714285714285714	0.728571428571429	0.757142857142857	0.685714285714286
23	0.678571428571429	0.357142857142857	0.845238095238095	0.750000000000000	0.428571428571429	1	0.809523809523810	0.595238095238095	0.726190476190476
114	0.800000000000000	0.280000000000000	0.600000000000000	0.520000000000000	0.560000000000000	0.880000000000000	0.720000000000000	0.520000000000000	0.480000000000000
121	0.354166666666667	0.583333333333333	0.458333333333333	0.375000000000000	0.250000000000000	0.708333333333333	0.666666666666667	0.291666666666667	0.562500000000000
19	0.125000000000000	0.527777777777778	0.555555555555556	0.361111111111111	0.375000000000000	0.416666666666667	0.513888888888889	0.458333333333333	0.583333333333333
119	0.407894736842105	0.460526315789474	0.342105263157895	0.500000000000000	0.578947368421053	0.671052631578947	0.631578947368421	0.578947368421053	0.828947368421053
122	0.352941176470588	0.588235294117647	0.235294117647059	0.588235294117647	0.235294117647059	0.764705882352941	0.735294117647059	0.264705882352941	0.500000000000000
120	0.416666666666667	0.479166666666667	0.375000000000000	0.541666666666667	0.250000000000000	0.875000000000000	0.770833333333333	0.458333333333333	0.604166666666667
123	0.714285714285714	0.464285714285714	0.678571428571429	0.642857142857143	0.214285714285714	0.785714285714286	0.392857142857143	0.785714285714286	0.714285714285714
56	0.362068965517241	0.344827586206897	0.293103448275862	0.500000000000000	0.724137931034483	0.551724137931034	0.517241379310345	0.517241379310345	0.862068965517241
53	0.395833333333333	0.437500000000000	0.239583333333333	0.489583333333333	0.760416666666667	0.270833333333333	0.583333333333333	0.333333333333333	0.687500000000000
16	0.163636363636364	0.172727272727273	0.163636363636364	0.472727272727273	0.500000000000000	0.318181818181818	0.490909090909091	0.381818181818182	0.581818181818182
184	0.386075949367089	0.189873417721519	0.120253164556962	0.386075949367089	0.126582278481013	0.196202531645570	0.227848101265823	0.253164556962025	0.487341772151899
15	0.193548387096774	0.290322580645161	0.209677419354839	0.419354838709677	0.322580645161290	0.258064516129032	0.580645161290323	0.274193548387097	0.661290322580645
185	0.239583333333333	0.0729166666666667	0.322916666666667	0.229166666666667	0.270833333333333	0.197916666666667	0.229166666666667	0.343750000000000	0.583333333333333
183	0.302816901408451	0.485915492957746	0.330985915492958	0.408450704225352	0.464788732394366	0.281690140845070	0.183098591549296	0.267605633802817	0.316901408450704
497	0.241935483870968	0.201612903225806	0.201612903225806	0.677419354838710	0.145161290322581	0.322580645161290	0.161290322580645	0	0.443548387096774
496	0.301587301587302	0.373015873015873	0.333333333333333	0.444444444444444	0.500000000000000	0.253968253968254	0.365079365079365	0.0952380952380952	0.333333333333333
500	0.0454545454545455	0.250000000000000	0.386363636363636	0.568181818181818	0	0.136363636363636	0.272727272727273	0.0454545454545455	0.272727272727273
14	0.387096774193548	0.612903225806452	0.0645161290322581	0.645161290322581	0.258064516129032	0.435483870967742	0.161290322580645	0.193548387096774	0.645161290322581
498	0.0833333333333333	0.333333333333333	0.500000000000000	0.583333333333333	0	0.166666666666667	0.166666666666667	0.0833333333333333	0.166666666666667
523	0.693181818181818	0.539772727272727	0.386363636363636	0.426136363636364	0.448863636363636	0.426136363636364	0.346590909090909	0.0852272727272727	0.517045454545455
522	0.442857142857143	0.578571428571429	0.521428571428571	0.514285714285714	0.521428571428572	0.342857142857143	0.507142857142857	0.100000000000000	0.592857142857143
561	0.666666666666667	0.541666666666667	0.520833333333333	0.687500000000000	0.291666666666667	0.666666666666667	0.541666666666667	0.208333333333333	0.604166666666667
521	0.267441860465116	0.325581395348837	0.488372093023256	0.488372093023256	0.418604651162791	0.244186046511628	0.406976744186047	0.267441860465116	0.279069767441860
718	0.611111111111111	0.361111111111111	0.444444444444445	0.722222222222222	0.638888888888889	0.722222222222222	0.138888888888889	0.555555555555556	0.500000000000000
715	0.857142857142857	0.678571428571429	0.428571428571429	0.535714285714286	0.696428571428571	0.535714285714286	0.392857142857143	0.750000000000000	0.642857142857143
708	0.722222222222222	0.166666666666667	0.277777777777778	0.333333333333333	0.500000000000000	0.888888888888889	0.333333333333333	0.666666666666667	0.444444444444444
713	0.444444444444444	0.138888888888889	0.250000000000000	0.777777777777778	0.555555555555556	0.555555555555556	0	0.222222222222222	0.611111111111111
686	0.821428571428571	0.517857142857143	0.446428571428571	0.607142857142857	0.625000000000000	0.785714285714286	0.196428571428571	0.410714285714286	0.535714285714286
712	0.241379310344828	0.0689655172413793	0.344827586206897	0.724137931034483	0.465517241379310	0.448275862068966	0	0.120689655172414	0.344827586206897
685	0.620689655172414	0.327586206896552	0.448275862068966	0.637931034482759	0.482758620689655	0.689655172413793	0.103448275862069	0.310344827586207	0.586206896551724
670	0.642857142857143	0.571428571428571	0.482142857142857	0.678571428571429	0.732142857142857	0.517857142857143	0.250000000000000	0.446428571428571	0.571428571428571
669	0.421875000000000	0.593750000000000	0.484375000000000	0.531250000000000	0.656250000000000	0.484375000000000	0.140625000000000	0.500000000000000	0.593750000000000
701	0.900000000000000	0.450000000000000	0.800000000000000	0.500000000000000	0.750000000000000	0.600000000000000	0.250000000000000	0.850000000000000	0.400000000000000
716	0.744680851063830	0.563829787234043	0.606382978723404	0.531914893617021	0.659574468085106	0.723404255319149	0.446808510638298	0.797872340425532	0.468085106382979
717	0.704545454545455	0.522727272727273	0.670454545454545	0.500000000000000	0.590909090909091	0.590909090909091	0.522727272727273	0.829545454545454	0.568181818181818
1084	0.747126436781609	0.821839080459770	0.827586206896552	0.614942528735632	0.586206896551724	0.586206896551724	0.821839080459770	0.896551724137931	0.649425287356322
1083	0.629629629629630	0.580246913580247	0.580246913580247	0.555555555555556	0.771604938271605	0.691358024691358	0.691358024691358	0.851851851851852	0.679012345679012
1195	0.880952380952381	0.976190476190476	0.690476190476191	0.857142857142857	0.690476190476191	0.738095238095238	0.833333333333333	0.821428571428572	0.619047619047619
1194	0.642857142857143	0.964285714285714	0.500000000000000	0.821428571428571	0.785714285714286	0.464285714285714	0.964285714285714	0.875000000000000	0.571428571428571
1260	0.942857142857143	0.821428571428571	0.857142857142857	0.664285714285714	0.521428571428572	0.721428571428571	0.664285714285714	0.628571428571429	0.728571428571428
1196	0.852941176470588	0.926470588235294	0.529411764705882	0.720588235294118	0.544117647058824	0.573529411764706	0.617647058823529	0.705882352941177	0.676470588235294
1197	0.928571428571428	0.857142857142857	0.642857142857143	0.732142857142857	0.625000000000000	0.839285714285714	0.750000000000000	0.535714285714286	0.714285714285714
1261	0.948717948717949	0.641025641025641	0.743589743589744	0.589743589743590	0.589743589743590	0.564102564102564	0.615384615384615	0.602564102564103	0.717948717948718
792	0.833333333333333	0.541666666666667	0.562500000000000	0.541666666666667	0.708333333333333	0.333333333333333	0.625000000000000	0.520833333333333	0.750000000000000
795	0.629032258064516	0.540322580645161	0.661290322580645	0.612903225806452	0.330645161290323	0.467741935483871	0.451612903225806	0.564516129032258	0.556451612903226
1199	0.875000000000000	0.700000000000000	0.800000000000000	0.750000000000000	0.700000000000000	0.375000000000000	0.450000000000000	0.450000000000000	0.700000000000000
1262	0.875000000000000	0.562500000000000	0.718750000000000	0.718750000000000	0.625000000000000	0.515625000000000	0.671875000000000	0.468750000000000	0.640625000000000
794	0.603773584905660	0.518867924528302	0.698113207547170	0.660377358490566	0.339622641509434	0.443396226415094	0.462264150943396	0.490566037735849	0.584905660377359
1201	0.851851851851852	0.703703703703704	0.444444444444444	0.629629629629630	0.407407407407407	0.500000000000000	0.444444444444444	0.444444444444444	0.481481481481481
1204	0.553571428571429	0.428571428571429	0.357142857142857	0.714285714285714	0.357142857142857	0.714285714285714	0.428571428571429	0.750000000000000	0.500000000000000
1235	0.125000000000000	0.125000000000000	0.194444444444444	0.388888888888889	0.513888888888889	0.555555555555556	0.291666666666667	0.319444444444445	0.458333333333333
1205	0.187500000000000	0.0375000000000000	0.362500000000000	0.512500000000000	0.450000000000000	0.575000000000000	0.275000000000000	0.562500000000000	0.500000000000000
1206	0.0638297872340426	0.159574468085106	0.255319148936170	0.404255319148936	0.393617021276596	0.446808510638298	0.265957446808511	0.308510638297872	0.404255319148936
793	0.687500000000000	0.375000000000000	0.625000000000000	0.562500000000000	0.609375000000000	0.343750000000000	0.578125000000000	0.593750000000000	0.781250000000000
1202	0.760000000000000	0.560000000000000	0.560000000000000	0.740000000000000	0.500000000000000	0.520000000000000	0.260000000000000	0.460000000000000	0.620000000000000
1234	0.156250000000000	0.171875000000000	0.203125000000000	0.421875000000000	0.421875000000000	0.593750000000000	0.265625000000000	0.437500000000000	0.687500000000000
1207	0.162790697674419	0.139534883720930	0.0116279069767442	0.302325581395349	0.581395348837209	0.511627906976744	0.255813953488372	0.406976744186047	0.290697674418605
1236	0.166666666666667	0.0833333333333333	0	0.333333333333333	0.541666666666667	0.666666666666667	0.375000000000000	0.250000000000000	0.458333333333333
1208	0.224489795918367	0.122448979591837	0.234693877551020	0.326530612244898	0.510204081632653	0.265306122448980	0.285714285714286	0.469387755102041	0.122448979591837
1254	0.0270270270270270	0	0.405405405405405	0.189189189189189	0.229729729729730	0.135135135135135	0.297297297297297	0.297297297297297	0.243243243243243
1256	0	0	0.678571428571429	0.285714285714286	0.0714285714285714	0.321428571428571	0.392857142857143	0.321428571428571	0.285714285714286
1209	0.0434782608695652	0.0652173913043478	0.478260869565217	0.206521739130435	0.489130434782609	0.282608695652174	0.304347826086957	0.500000000000000	0.108695652173913
1164	0.250000000000000	0	0.477272727272727	0.477272727272727	0.409090909090909	0.329545454545455	0.295454545454545	0.363636363636364	0.318181818181818
1255	0	0	0.682926829268293	0.304878048780488	0.170731707317073	0.292682926829268	0.268292682926829	0.219512195121951	0.243902439024390
1163	0.133333333333333	0	0.333333333333333	0.266666666666667	0.233333333333333	0.333333333333333	0.333333333333333	0.400000000000000	0.200000000000000
1165	0.285714285714286	0.214285714285714	0.464285714285714	0.500000000000000	0.428571428571429	0.464285714285714	0.428571428571429	0.285714285714286	0.500000000000000
1122	0.122950819672131	0.180327868852459	0.614754098360656	0.426229508196721	0.524590163934426	0.295081967213115	0.500000000000000	0.508196721311475	0.147540983606557
1124	0.191489361702128	0.340425531914894	0.468085106382979	0.361702127659574	0.319148936170213	0.382978723404255	0.425531914893617	0.361702127659574	0.191489361702128
583	0.384615384615385	0.269230769230769	0.346153846153846	0.192307692307692	0.500000000000000	0.307692307692308	0.269230769230769	0.269230769230769	0.326923076923077
584	0.352941176470588	0.196078431372549	0.196078431372549	0.0784313725490196	0.333333333333333	0.137254901960784	0.264705882352941	0.176470588235294	0.215686274509804
586	0.0161290322580645	0.0161290322580645	0	0	0	0	0.0161290322580645	0.0161290322580645	0.0161290322580645
664	0.208955223880597	0.104477611940299	0.134328358208955	0.0298507462686567	0.134328358208955	0	0.223880597014925	0.238805970149254	0.223880597014925
650	0.434210526315789	0.381578947368421	0.434210526315789	0.657894736842105	0.427631578947368	0.289473684210526	0.407894736842105	0.342105263157895	0.210526315789474
652	0.0526315789473684	0	0.105263157894737	0.0526315789473684	0.0789473684210526	0	0.0789473684210526	0	0.0657894736842105
651	0.246835443037975	0.189873417721519	0.278481012658228	0.367088607594937	0.253164556962025	0.139240506329114	0.291139240506329	0.101265822784810	0.164556962025316
545	0.477272727272727	0.386363636363636	0.431818181818182	0.443181818181818	0.386363636363636	0.261363636363636	0.477272727272727	0.227272727272727	0.500000000000000
544	0.377358490566038	0.377358490566038	0.301886792452830	0.575471698113208	0.386792452830189	0.292452830188679	0.584905660377359	0.226415094339623	0.396226415094340
195	0.758064516129032	0.782258064516129	0.419354838709677	0.645161290322581	0.580645161290323	0.524193548387097	0.677419354838710	0.782258064516129	0.750000000000000
546	0.295454545454545	0.272727272727273	0.386363636363636	0.375000000000000	0.454545454545455	0.170454545454545	0.454545454545455	0.272727272727273	0.477272727272727
196	0.523076923076923	0.484615384615385	0.430769230769231	0.630769230769231	0.507692307692308	0.461538461538462	0.430769230769231	0.630769230769231	0.461538461538462
26	0.711111111111111	0.711111111111111	0.422222222222222	0.688888888888889	0.511111111111111	0.777777777777778	0.622222222222222	0.933333333333333	0.533333333333333
197	0.254237288135593	0.228813559322034	0.322033898305085	0.271186440677966	0.338983050847458	0.254237288135593	0.305084745762712	0.347457627118644	0.271186440677966
29	0.642857142857143	0.571428571428571	0.500000000000000	0.642857142857143	0.285714285714286	0.571428571428571	0.642857142857143	0.714285714285714	0.571428571428571
118	0.492307692307692	0.515384615384615	0.476923076923077	0.492307692307692	0.553846153846154	0.423076923076923	0.538461538461538	0.661538461538462	0.307692307692308
116	0.678571428571429	0.571428571428571	0.535714285714286	0.785714285714286	0.607142857142857	0.607142857142857	0.535714285714286	0.785714285714286	0.642857142857143
115	0.666666666666667	0.604166666666667	0.708333333333333	0.791666666666667	0.458333333333333	0.875000000000000	0.791666666666667	0.625000000000000	0.583333333333333
90	0.547169811320755	0.207547169811321	0.188679245283019	0.490566037735849	0.603773584905660	0.584905660377359	0.415094339622642	0.547169811320755	0.377358490566038
88	0.360000000000000	0.420000000000000	0.360000000000000	0.280000000000000	0.680000000000000	0.880000000000000	0.600000000000000	0.400000000000000	0.520000000000000
113	0.818181818181818	0.340909090909091	0.454545454545455	0.522727272727273	0.545454545454545	0.954545454545455	0.659090909090909	0.545454545454545	0.636363636363636
112	0.722222222222222	0.500000000000000	0.472222222222222	0.527777777777778	0.500000000000000	0.833333333333334	0.638888888888889	0.722222222222222	0.333333333333333
111	0.551724137931035	0.379310344827586	0.586206896551724	0.620689655172414	0.758620689655172	0.931034482758621	0.672413793103448	0.586206896551724	0.448275862068966
109	0.666666666666667	0.194444444444444	0.500000000000000	0.472222222222222	0.555555555555556	0.888888888888889	0.472222222222222	0.500000000000000	0.611111111111111
62	0.156250000000000	0.0937500000000000	0.171875000000000	0.156250000000000	0.281250000000000	0.375000000000000	0.187500000000000	0.0937500000000000	0.218750000000000
87	0.631578947368421	0.131578947368421	0.657894736842105	0.315789473684211	0.526315789473684	0.815789473684211	0.578947368421053	0.184210526315789	0.605263157894737
63	0.0526315789473684	0.0789473684210526	0.0394736842105263	0.0263157894736842	0.105263157894737	0.184210526315789	0.131578947368421	0.0789473684210526	0.0526315789473684
89	0.514285714285714	0.357142857142857	0.357142857142857	0.600000000000000	0.685714285714286	0.742857142857143	0.742857142857143	0.514285714285714	0.485714285714286
59	0.666666666666667	0.333333333333333	0.444444444444444	0.666666666666667	0.666666666666667	0.500000000000000	0.444444444444444	0.722222222222222	0.611111111111111
58	0.586206896551724	0.344827586206897	0.586206896551724	0.586206896551724	0.413793103448276	0.655172413793103	0.568965517241379	0.586206896551724	0.775862068965517
61	0.434782608695652	0.217391304347826	0.478260869565217	0.391304347826087	0.478260869565217	0.239130434782609	0.282608695652174	0.369565217391304	0.565217391304348
60	0.666666666666667	0.111111111111111	0.333333333333333	0.555555555555556	0.555555555555556	0.500000000000000	0.166666666666667	0.500000000000000	0.666666666666667
55	0.354166666666667	0.208333333333333	0.229166666666667	0.458333333333333	0.791666666666667	0.520833333333333	0.416666666666667	0.416666666666667	0.875000000000000
52	0.171428571428571	0.285714285714286	0.214285714285714	0.528571428571429	0.600000000000000	0.214285714285714	0.514285714285714	0.242857142857143	0.600000000000000
57	0.500000000000000	0.285714285714286	0.357142857142857	0.452380952380952	0.428571428571429	0.571428571428571	0.452380952380952	0.523809523809524	0.571428571428571
54	0.280000000000000	0.440000000000000	0.260000000000000	0.580000000000000	0.740000000000000	0.400000000000000	0.540000000000000	0.440000000000000	0.640000000000000
51	0.290322580645161	0.451612903225806	0.0967741935483871	0.467741935483871	0.322580645161290	0.306451612903226	0.419354838709677	0.258064516129032	0.225806451612903
50	0.421052631578947	0.421052631578947	0.315789473684211	0.631578947368421	0.263157894736842	0.210526315789474	0.263157894736842	0.368421052631579	0.263157894736842
12	0.0217391304347826	0.739130434782609	0.130434782608696	0.391304347826087	0.521739130434783	0.130434782608696	0.260869565217391	0.0869565217391304	0.739130434782609
182	0.234939759036145	0.349397590361446	0.283132530120482	0.289156626506024	0.349397590361446	0.126506024096386	0.240963855421687	0.192771084337349	0.0963855421686747
13	0.166666666666667	0.571428571428571	0.0476190476190476	0.571428571428571	0.380952380952381	0.119047619047619	0.238095238095238	0	0.857142857142857
495	0.353333333333333	0.313333333333333	0.320000000000000	0.320000000000000	0.480000000000000	0.0666666666666667	0.280000000000000	0.126666666666667	0.273333333333333
494	0.225000000000000	0.137500000000000	0.212500000000000	0.112500000000000	0.287500000000000	0	0.200000000000000	0.150000000000000	0.100000000000000
509	0.151515151515152	0.272727272727273	0.181818181818182	0.151515151515152	0.303030303030303	0	0.303030303030303	0.151515151515152	0.151515151515152
493	0.0277777777777778	0.0277777777777778	0.0555555555555556	0	0.0277777777777778	0	0.0277777777777778	0.0416666666666667	0
519	0.184210526315789	0.236842105263158	0.263157894736842	0.197368421052632	0.315789473684211	0.197368421052632	0.144736842105263	0.105263157894737	0.171052631578947
518	0.157142857142857	0.0857142857142857	0.142857142857143	0.142857142857143	0.200000000000000	0.142857142857143	0.0571428571428571	0.128571428571429	0.0428571428571429
520	0.250000000000000	0.421052631578947	0.394736842105263	0.434210526315789	0.500000000000000	0.289473684210526	0.302631578947368	0.171052631578947	0.250000000000000
517	0	0	0	0	0	0	0	0	0
668	0.238095238095238	0.142857142857143	0.238095238095238	0.285714285714286	0.238095238095238	0.166666666666667	0.0238095238095238	0.285714285714286	0.190476190476190
684	0.439024390243903	0.292682926829268	0.280487804878049	0.426829268292683	0.195121951219512	0.378048780487805	0.0243902439024390	0.353658536585366	0.365853658536585
683	0.218750000000000	0.156250000000000	0.0937500000000000	0.171875000000000	0.0937500000000000	0.125000000000000	0	0.187500000000000	0.156250000000000
682	0	0.0285714285714286	0	0	0.0285714285714286	0.0285714285714286	0.0142857142857143	0	0.0285714285714286
667	0	0.0555555555555556	0	0	0.0555555555555556	0.0555555555555556	0.0277777777777778	0	0.0555555555555556
671	0.730769230769231	0.653846153846154	0.576923076923077	0.807692307692308	0.692307692307692	0.692307692307692	0.288461538461539	0.480769230769231	0.730769230769231
720	0.200000000000000	0.200000000000000	0.300000000000000	0.200000000000000	0.300000000000000	0.200000000000000	0.200000000000000	0.300000000000000	0.100000000000000
721	0.180555555555556	0.125000000000000	0.222222222222222	0.388888888888889	0.277777777777778	0.416666666666667	0.111111111111111	0.416666666666667	0.277777777777778
714	0.642857142857143	0.392857142857143	0.285714285714286	0.571428571428571	0.464285714285714	0.428571428571429	0.0714285714285714	0.357142857142857	0.428571428571429
719	0.388888888888889	0.194444444444444	0.222222222222222	0.611111111111111	0.388888888888889	0.555555555555556	0.0555555555555556	0.527777777777778	0.277777777777778
727	0.0165289256198347	0.0165289256198347	0.0247933884297521	0.0413223140495868	0.0578512396694215	0.0495867768595041	0.00826446280991736	0.0578512396694215	0.0578512396694215
1265	0.296875000000000	0.312500000000000	0.343750000000000	0.390625000000000	0.265625000000000	0.250000000000000	0.203125000000000	0.453125000000000	0.296875000000000
1264	0.221428571428571	0.278571428571429	0.300000000000000	0.328571428571429	0.257142857142857	0.242857142857143	0.235714285714286	0.328571428571429	0.335714285714286
1191	0.673076923076923	0.750000000000000	0.307692307692308	0.221153846153846	0.875000000000000	0.769230769230769	0.846153846153846	0.884615384615385	0.730769230769231
778	0.542857142857143	0.828571428571429	0.514285714285714	0.557142857142857	0.614285714285714	0.342857142857143	0.857142857142857	0.857142857142857	0.457142857142857
1082	0.500000000000000	0.250000000000000	0.166666666666667	0	0.583333333333333	0.583333333333333	0.416666666666667	0.416666666666667	0.416666666666667
1192	0.750000000000000	0.875000000000000	0.562500000000000	0.687500000000000	0.614583333333333	0.625000000000000	0.937500000000000	0.958333333333333	0.666666666666667
1193	0.666666666666667	0.969696969696970	0.606060606060606	0.787878787878788	0.757575757575758	0.515151515151515	0.939393939393939	0.939393939393939	0.636363636363636
787	0.520408163265306	0.816326530612245	0.448979591836735	0.571428571428572	0.489795918367347	0.102040816326531	0.734693877551020	0.581632653061225	0.489795918367347
873	0.466666666666667	0.866666666666667	0.566666666666667	0.566666666666667	0.566666666666667	0.133333333333333	0.366666666666667	0.650000000000000	0.616666666666667
789	0.573529411764706	0.911764705882353	0.470588235294118	0.647058823529412	0.588235294117647	0.235294117647059	0.514705882352941	0.647058823529412	0.573529411764706
788	0.340909090909091	0.863636363636364	0.409090909090909	0.772727272727273	0.545454545454545	0.0909090909090909	0.590909090909091	0.613636363636364	0.545454545454545
828	0.791666666666667	0.500000000000000	0.500000000000000	0.666666666666667	0.500000000000000	0.0833333333333333	0.583333333333333	0.250000000000000	0.916666666666667
829	0.785714285714286	0.535714285714286	0.375000000000000	0.571428571428571	0.535714285714286	0.250000000000000	0.571428571428571	0.357142857142857	0.696428571428571
790	0.730769230769231	0.769230769230769	0.615384615384615	0.576923076923077	0.730769230769231	0.307692307692308	0.750000000000000	0.596153846153846	0.500000000000000
791	0.916666666666667	0.833333333333333	0.666666666666667	0.444444444444444	0.388888888888889	0.500000000000000	0.416666666666667	0.305555555555556	0.777777777777778
831	0.250000000000000	0.125000000000000	0.125000000000000	0.125000000000000	0.218750000000000	0.125000000000000	0.156250000000000	0.250000000000000	0.125000000000000
830	0.473684210526316	0.210526315789474	0.342105263157895	0.421052631578947	0.473684210526316	0.210526315789474	0.315789473684211	0.289473684210526	0.552631578947368
850	0	0.125000000000000	0.125000000000000	0.125000000000000	0.0833333333333333	0.229166666666667	0.208333333333333	0.0833333333333333	0.250000000000000
832	0.0937500000000000	0.171875000000000	0.203125000000000	0.0937500000000000	0.0781250000000000	0.0625000000000000	0.156250000000000	0.0625000000000000	0.187500000000000
833	0	0	0	0	0	0	0	0	0
796	0.388888888888889	0.409722222222222	0.541666666666667	0.430555555555556	0.166666666666667	0.645833333333333	0.590277777777778	0.375000000000000	0.590277777777778
849	0.103448275862069	0.224137931034483	0.241379310344828	0.103448275862069	0.0517241379310345	0.206896551724138	0.137931034482759	0	0.137931034482759
797	0.234375000000000	0.312500000000000	0.320312500000000	0.359375000000000	0.273437500000000	0.593750000000000	0.593750000000000	0.406250000000000	0.484375000000000
851	0.111111111111111	0.148148148148148	0.0925925925925926	0.222222222222222	0.111111111111111	0.259259259259259	0.148148148148148	0.222222222222222	0.148148148148148
798	0.343750000000000	0.145833333333333	0.218750000000000	0.395833333333333	0.343750000000000	0.739583333333333	0.437500000000000	0.604166666666667	0.260416666666667
799	0.200000000000000	0.250000000000000	0.262500000000000	0.525000000000000	0.675000000000000	0.775000000000000	0.600000000000000	0.575000000000000	0.275000000000000
800	0.230769230769231	0.205128205128205	0.153846153846154	0.256410256410256	0.410256410256410	0.769230769230769	0.641025641025641	0.743589743589744	0.217948717948718
1238	0.227272727272727	0	0.0227272727272727	0.454545454545455	0.727272727272727	0.409090909090909	0.227272727272727	0.454545454545455	0.136363636363636
801	0.0800000000000000	0.280000000000000	0.160000000000000	0.320000000000000	0.360000000000000	0.600000000000000	0.520000000000000	0.760000000000000	0.0800000000000000
1240	0.217391304347826	0.173913043478261	0.260869565217391	0.282608695652174	0.565217391304348	0.391304347826087	0.260869565217391	0.304347826086957	0.0869565217391304
1210	0.243243243243243	0.108108108108108	0.351351351351351	0.148648648648649	0.459459459459460	0.324324324324324	0.364864864864865	0.513513513513514	0.351351351351351
1241	0	0.275862068965517	0.310344827586207	0.206896551724138	0.448275862068966	0.275862068965517	0.344827586206897	0.344827586206897	0.0344827586206897
1239	0.333333333333333	0.222222222222222	0.333333333333333	0.388888888888889	0.444444444444444	0.444444444444444	0.111111111111111	0.333333333333333	0
802	0.162162162162162	0.189189189189189	0.310810810810811	0.418918918918919	0.189189189189189	0.621621621621622	0.513513513513514	0.540540540540541	0.0810810810810811
1242	0.159420289855072	0.420289855072464	0.355072463768116	0.173913043478261	0.521739130434783	0.550724637681159	0.289855072463768	0.536231884057971	0.289855072463768
1212	0.484126984126984	0.253968253968254	0.444444444444444	0.111111111111111	0.539682539682540	0.396825396825397	0.587301587301587	0.587301587301587	0.555555555555556
1211	0.255319148936170	0.148936170212766	0.404255319148936	0.234042553191489	0.446808510638298	0.563829787234043	0.510638297872340	0.553191489361702	0.468085106382979
1257	0.114285714285714	0.114285714285714	0.485714285714286	0.171428571428571	0.285714285714286	0.542857142857143	0.500000000000000	0.685714285714286	0.457142857142857
1258	0.148936170212766	0.212765957446809	0.425531914893617	0.361702127659574	0.382978723404255	0.425531914893617	0.468085106382979	0.531914893617021	0.574468085106383
1166	0.163265306122449	0.244897959183673	0.326530612244898	0.428571428571429	0.438775510204082	0.510204081632653	0.469387755102041	0.326530612244898	0.530612244897959
1123	0.130000000000000	0.380000000000000	0.720000000000000	0.300000000000000	0.550000000000000	0.340000000000000	0.550000000000000	0.380000000000000	0.360000000000000
1167	0.0983606557377049	0.229508196721312	0.327868852459016	0.196721311475410	0.311475409836066	0.213114754098361	0.163934426229508	0.114754098360656	0.278688524590164
1127	0.0272727272727273	0.181818181818182	0.254545454545455	0.172727272727273	0.0818181818181818	0.172727272727273	0.0727272727272727	0.0545454545454545	0.218181818181818
1125	0.102040816326531	0.285714285714286	0.397959183673469	0.316326530612245	0.214285714285714	0.367346938775510	0.265306122448980	0.163265306122449	0.204081632653061
1126	0.0750000000000000	0.250000000000000	0.375000000000000	0.237500000000000	0.162500000000000	0.262500000000000	0.150000000000000	0.125000000000000	0.300000000000000
1128	0.0241935483870968	0.0645161290322581	0.0887096774193548	0.0725806451612903	0.0161290322580645	0.0322580645161290	0	0.0483870967741936	0.0806451612903226
1149	0.0276243093922652	0.0883977900552486	0.209944751381216	0.151933701657459	0.204419889502762	0.162983425414365	0.0801104972375691	0.149171270718232	0.179558011049724
604	0.125000000000000	0.125000000000000	0.125000000000000	0.125000000000000	0.125000000000000	0.125000000000000	0.125000000000000	0	0.125000000000000
602	0.278688524590164	0.155737704918033	0.237704918032787	0.196721311475410	0.360655737704918	0.139344262295082	0.196721311475410	0.122950819672131	0.213114754098361
603	0.175438596491228	0.140350877192982	0.210526315789474	0.140350877192982	0.228070175438596	0.157894736842105	0.157894736842105	0.0701754385964912	0.157894736842105
605	0.0204081632653061	0.0204081632653061	0.0204081632653061	0.0204081632653061	0.0204081632653061	0.0204081632653061	0.0204081632653061	0	0.0204081632653061
606	0	0	0	0	0	0	0	0	0
585	0.205128205128205	0.0897435897435897	0	0.0769230769230769	0.128205128205128	0.0128205128205128	0.173076923076923	0.115384615384615	0.134615384615385
587	0	0	0	0	0	0	0	0	0
665	0.0240963855421687	0.0361445783132530	0	0	0	0	0.0240963855421687	0.0602409638554217	0.0240963855421687
653	0	0	0	0	0	0	0	0	0
654	0	0	0	0	0	0	0	0	0
548	0	0.0365853658536585	0	0.0365853658536585	0.0365853658536585	0	0.0365853658536585	0.0365853658536585	0.0365853658536585
547	0.0625000000000000	0.0781250000000000	0.0781250000000000	0.140625000000000	0.0937500000000000	0.0781250000000000	0.0781250000000000	0.0937500000000000	0.109375000000000
199	0	0	0	0	0	0	0	0	0
30	0.692307692307692	0.538461538461539	0.461538461538462	0.230769230769231	0.615384615384615	0.423076923076923	0.538461538461539	0.307692307692308	0.538461538461539
198	0.101449275362319	0.101449275362319	0.101449275362319	0.0724637681159420	0.173913043478261	0.130434782608696	0.101449275362319	0.159420289855072	0.130434782608696
34	0.272727272727273	0.318181818181818	0.0909090909090909	0.136363636363636	0.363636363636364	0.250000000000000	0.318181818181818	0.363636363636364	0.227272727272727
32	0.428571428571429	0.285714285714286	0.714285714285714	0.285714285714286	0.428571428571429	0.428571428571429	0.571428571428571	0.571428571428571	0.714285714285714
33	0.411764705882353	0.382352941176471	0.205882352941176	0.205882352941176	0.323529411764706	0.191176470588235	0.352941176470588	0.235294117647059	0.176470588235294
93	0.133333333333333	0.377777777777778	0.266666666666667	0.288888888888889	0.366666666666667	0.266666666666667	0.311111111111111	0.488888888888889	0.200000000000000
117	0.821428571428571	0.553571428571429	0.571428571428571	0.821428571428571	0.571428571428571	0.464285714285714	0.392857142857143	0.714285714285714	0.464285714285714
28	0.818181818181818	0.772727272727273	0.454545454545455	0.545454545454546	0.454545454545455	0.727272727272727	0.454545454545455	0.818181818181818	0.454545454545455
27	0.826086956521739	0.652173913043478	0.565217391304348	0.565217391304348	0.391304347826087	0.652173913043478	0.869565217391304	0.826086956521739	0.521739130434783
31	0.583333333333333	0.500000000000000	0.416666666666667	0.333333333333333	0.666666666666667	0.500000000000000	0.583333333333333	0.500000000000000	0.416666666666667
92	0.459459459459460	0.297297297297297	0.324324324324324	0.459459459459460	0.459459459459460	0.432432432432432	0.432432432432432	0.594594594594595	0.270270270270270
91	0.487179487179487	0.358974358974359	0.179487179487179	0.435897435897436	0.461538461538461	0.384615384615385	0.512820512820513	0.410256410256410	0.282051282051282
85	0	0	0	0	0	0	0	0	0
84	0	0	0	0	0	0	0	0	0
82	0	0	0	0	0	0	0	0	0
66	0	0	0	0	0	0	0	0	0
83	0	0	0	0	0	0	0	0	0
65	0	0	0	0	0	0	0	0	0
64	0.0571428571428571	0.0857142857142857	0.0142857142857143	0	0.0285714285714286	0.0857142857142857	0.0285714285714286	0.0857142857142857	0.0285714285714286
180	0	0	0	0	0	0	0	0	0
170	0	0	0	0	0	0	0	0	0
176	0	0	0	0	0	0	0	0	0
169	0	0	0	0	0	0	0	0	0
144	0	0	0	0	0	0	0	0	0
179	0	0	0	0	0	0	0	0	0
143	0	0	0	0	0	0	0	0	0
142	0	0	0	0	0	0	0	0	0
178	0	0	0	0	0	0	0	0	0
177	0	0	0	0	0	0	0	0	0
141	0	0	0	0	0	0	0	0	0
140	0	0	0	0	0	0	0	0	0
139	0.0454545454545455	0.0454545454545455	0.0454545454545455	0.0454545454545455	0.0454545454545455	0.0454545454545455	0	0.0454545454545455	0
129	0.529411764705882	0.411764705882353	0.117647058823529	0.558823529411765	0.470588235294118	0.352941176470588	0.176470588235294	0.470588235294118	0.117647058823529
138	0.0500000000000000	0.100000000000000	0.0500000000000000	0.100000000000000	0.100000000000000	0.0500000000000000	0	0.100000000000000	0
137	0.0909090909090909	0.227272727272727	0.0909090909090909	0.227272727272727	0.227272727272727	0.0909090909090909	0	0.227272727272727	0
128	0.636363636363636	0.545454545454545	0.363636363636364	0.500000000000000	0.545454545454545	0.363636363636364	0.181818181818182	0.454545454545455	0.181818181818182
127	0.652173913043478	0.521739130434783	0.521739130434783	0.652173913043478	0.565217391304348	0.173913043478261	0.304347826086957	0.391304347826087	0.217391304347826
49	0	0.636363636363637	0.454545454545455	0.636363636363637	0.454545454545455	0.181818181818182	0.272727272727273	0.272727272727273	0.272727272727273
132	0	0.117647058823529	0.117647058823529	0.117647058823529	0.117647058823529	0.117647058823529	0	0.117647058823529	0.117647058823529
134	0	0.307692307692308	0.307692307692308	0.384615384615385	0.307692307692308	0.153846153846154	0	0.230769230769231	0.153846153846154
10	0	0.625000000000000	0.125000000000000	0.375000000000000	0.250000000000000	0.125000000000000	0.250000000000000	0	0.250000000000000
11	0.0555555555555556	1	0.111111111111111	0.555555555555556	0.777777777777778	0.555555555555556	0	0.333333333333333	0.666666666666667
48	0	0.642857142857143	0.142857142857143	0.571428571428571	0.357142857142857	0.214285714285714	0.142857142857143	0.0714285714285714	0.428571428571429
181	0	0	0	0	0	0	0	0	0
492	0	0	0	0	0	0	0	0	0
506	0	0	0	0	0	0	0	0	0
505	0	0	0	0	0	0	0	0	0
504	0	0	0	0	0	0	0	0	0
508	0.0645161290322581	0.0645161290322581	0.129032258064516	0	0.129032258064516	0	0.129032258064516	0.0645161290322581	0.0645161290322581
507	0.0384615384615385	0.0384615384615385	0.0769230769230769	0	0.0769230769230769	0	0.0769230769230769	0.0384615384615385	0.0384615384615385
666	0	0	0	0	0	0	0	0	0
516	0	0	0	0	0	0	0	0	0
515	0	0	0	0	0	0	0	0	0
725	0	0	0	0	0	0	0	0	0
726	0	0	0	0	0	0	0	0	0
728	0	0	0	0	0	0	0	0	0
765	0	0	0	0	0	0	0	0	0
776	0.0869565217391304	0.217391304347826	0.0434782608695652	0.130434782608696	0.282608695652174	0.217391304347826	0.130434782608696	0.217391304347826	0.217391304347826
1081	0.0714285714285714	0	0.0714285714285714	0	0.107142857142857	0.107142857142857	0.0714285714285714	0.0714285714285714	0.0714285714285714
777	0.344827586206897	0.517241379310345	0.310344827586207	0.327586206896552	0.431034482758621	0.413793103448276	0.551724137931034	0.517241379310345	0.275862068965517
775	0.0500000000000000	0.0500000000000000	0.0500000000000000	0.0500000000000000	0.100000000000000	0.0500000000000000	0.0500000000000000	0.0500000000000000	0.0500000000000000
772	0	0.0526315789473684	0	0.0526315789473684	0.0526315789473684	0	0	0.0526315789473684	0.0526315789473684
774	0.0800000000000000	0.0800000000000000	0.0800000000000000	0.0800000000000000	0.160000000000000	0.0800000000000000	0.0800000000000000	0.0800000000000000	0.0800000000000000
786	0.303921568627451	0.607843137254902	0.313725490196078	0.372549019607843	0.372549019607843	0.176470588235294	0.764705882352941	0.568627450980392	0.401960784313726
784	0.0909090909090909	0.0909090909090909	0.0606060606060606	0.0606060606060606	0.181818181818182	0.0909090909090909	0.242424242424242	0.121212121212121	0.0303030303030303
874	0.520000000000000	0.840000000000000	0.440000000000000	0.680000000000000	0.560000000000000	0.200000000000000	0.240000000000000	0.440000000000000	0.480000000000000
875	0.333333333333333	0.666666666666667	0.555555555555556	0.666666666666667	0.777777777777778	0.333333333333333	0.111111111111111	0.666666666666667	0.333333333333333
876	0.428571428571429	0.857142857142857	0.428571428571429	0.571428571428571	0.571428571428571	0.142857142857143	0.285714285714286	0.571428571428571	0.642857142857143
890	0.0222222222222222	0.0222222222222222	0	0.0222222222222222	0	0	0	0	0.0222222222222222
877	0.275862068965517	0.344827586206897	0.206896551724138	0.241379310344828	0.241379310344828	0.172413793103448	0.103448275862069	0.241379310344828	0.224137931034483
880	0.235294117647059	0.117647058823529	0.176470588235294	0.176470588235294	0.176470588235294	0.0588235294117647	0.205882352941176	0.0588235294117647	0.205882352941176
951	0	0	0	0	0	0	0	0	0
882	0	0	0	0	0	0	0	0	0
884	0	0	0	0	0	0	0	0	0
883	0.0357142857142857	0	0	0.0357142857142857	0.0178571428571429	0.0357142857142857	0.0357142857142857	0.0178571428571429	0.0178571428571429
878	0.333333333333333	0.333333333333333	0.222222222222222	0.111111111111111	0.222222222222222	0.222222222222222	0.222222222222222	0.222222222222222	0.222222222222222
879	0.0769230769230769	0.0769230769230769	0.0769230769230769	0	0.0769230769230769	0.0769230769230769	0.0769230769230769	0.0769230769230769	0.0384615384615385
881	0	0	0	0	0	0	0	0	0
927	0	0	0	0	0	0	0	0	0
954	0	0	0	0	0	0	0	0	0
952	0	0	0	0	0	0	0	0	0
834	0	0	0	0	0	0	0	0	0
955	0	0	0	0	0	0	0	0	0
835	0	0	0	0	0	0	0	0	0
852	0.0416666666666667	0.0416666666666667	0.0208333333333333	0.0833333333333333	0.0208333333333333	0.0833333333333333	0	0.0416666666666667	0.0416666666666667
853	0.0333333333333333	0	0.0333333333333333	0.100000000000000	0.0500000000000000	0.0666666666666667	0.0666666666666667	0.0333333333333333	0.0333333333333333
854	0.137931034482759	0.0689655172413793	0.137931034482759	0.206896551724138	0.206896551724138	0.206896551724138	0.172413793103448	0.172413793103448	0.120689655172414
867	0.216216216216216	0.378378378378378	0.189189189189189	0.270270270270270	0.189189189189189	0.297297297297297	0.351351351351351	0.405405405405405	0.0675675675675676
837	0	0	0	0	0	0	0	0	0
856	0.0416666666666667	0.208333333333333	0.0416666666666667	0.208333333333333	0.0416666666666667	0	0.166666666666667	0.0416666666666667	0
855	0	0.125000000000000	0	0.0625000000000000	0	0.0625000000000000	0.125000000000000	0.0625000000000000	0
868	0.0454545454545455	0.590909090909091	0.0454545454545455	0.272727272727273	0.318181818181818	0.272727272727273	0.409090909090909	0.363636363636364	0.227272727272727
823	0.185185185185185	0.444444444444444	0.259259259259259	0.444444444444444	0.259259259259259	0.777777777777778	0.481481481481481	0.629629629629630	0.185185185185185
824	0.105263157894737	0.578947368421053	0.210526315789474	0.368421052631579	0.368421052631579	0.473684210526316	0.473684210526316	0.421052631578947	0.263157894736842
1243	0.230769230769231	0.564102564102564	0.333333333333333	0.230769230769231	0.564102564102564	0.538461538461539	0.333333333333333	0.384615384615385	0.384615384615385
803	0.225806451612903	0.580645161290323	0.419354838709677	0.548387096774194	0.419354838709677	0.612903225806452	0.709677419354839	0.322580645161290	0.258064516129032
804	0.142857142857143	0.309523809523810	0.261904761904762	0.333333333333333	0.309523809523810	0.404761904761905	0.476190476190476	0.238095238095238	0.119047619047619
1226	0.140000000000000	0.100000000000000	0.160000000000000	0.0400000000000000	0.160000000000000	0.120000000000000	0.120000000000000	0.210000000000000	0.120000000000000
1213	0.255813953488372	0.302325581395349	0.372093023255814	0.0465116279069767	0.372093023255814	0.139534883720930	0.348837209302326	0.348837209302326	0.325581395348837
1225	0.250000000000000	0.131578947368421	0.394736842105263	0.0789473684210526	0.473684210526316	0.342105263157895	0.263157894736842	0.381578947368421	0.263157894736842
1168	0	0.0158730158730159	0.0158730158730159	0.0793650793650794	0.0952380952380952	0.0793650793650794	0.0158730158730159	0.0158730158730159	0.0952380952380952
1215	0	0	0	0	0	0	0	0	0
1214	0.0714285714285714	0.0357142857142857	0.107142857142857	0	0.0714285714285714	0.0714285714285714	0.0357142857142857	0.0178571428571429	0.0357142857142857
1169	0	0	0	0.0232558139534884	0.0232558139534884	0.0232558139534884	0	0	0.0232558139534884
1170	0	0	0	0	0	0	0	0	0
1130	0	0	0	0	0	0	0	0	0
1129	0	0	0	0	0	0	0	0	0
1150	0	0	0.0419580419580420	0.0314685314685315	0.0209790209790210	0.0314685314685315	0.0104895104895105	0.0209790209790210	0.0419580419580420
1151	0	0	0	0	0	0	0	0	0
608	0	0	0	0	0	0	0	0	0
607	0	0	0	0	0	0	0	0	0
588	0	0	0	0	0	0	0	0	0
590	0	0	0	0	0	0	0	0	0
589	0	0	0	0	0	0	0	0	0
655	0	0	0	0	0	0	0	0	0
549	0	0	0	0	0	0	0	0	0
550	0	0	0	0	0	0	0	0	0
201	0	0	0	0	0	0	0	0	0
551	0	0	0	0	0	0	0	0	0
200	0	0	0	0	0	0	0	0	0
41	0	0.0370370370370370	0	0.0370370370370370	0.0370370370370370	0	0.0370370370370370	0.0370370370370370	0.0370370370370370
37	0.142857142857143	0.285714285714286	0	0.142857142857143	0.214285714285714	0.107142857142857	0.285714285714286	0.214285714285714	0.285714285714286
38	0.0555555555555556	0.0555555555555556	0.111111111111111	0	0.111111111111111	0.0555555555555556	0.0555555555555556	0.0555555555555556	0.166666666666667
36	0.117647058823529	0.176470588235294	0.117647058823529	0.0588235294117647	0.176470588235294	0.117647058823529	0.176470588235294	0.176470588235294	0.176470588235294
40	0	0	0	0	0	0	0	0	0
39	0	0.153846153846154	0.0384615384615385	0.115384615384615	0.192307692307692	0.0384615384615385	0.153846153846154	0.153846153846154	0.153846153846154
35	0.153846153846154	0.230769230769231	0	0.0769230769230769	0.153846153846154	0.115384615384615	0.230769230769231	0.153846153846154	0.230769230769231
94	0.0655737704918033	0.311475409836066	0.0983606557377049	0.0983606557377049	0.172131147540984	0.180327868852459	0.295081967213115	0.262295081967213	0.180327868852459
96	0	0.0277777777777778	0	0	0	0	0.0277777777777778	0	0.0277777777777778
95	0.0555555555555556	0.250000000000000	0.0555555555555556	0	0.138888888888889	0.0555555555555556	0.222222222222222	0.0555555555555556	0.111111111111111
68	0	0	0	0	0	0	0	0	0
69	0	0	0	0	0	0	0	0	0
172	0	0	0	0	0	0	0	0	0
67	0	0	0	0	0	0	0	0	0
171	0	0	0	0	0	0	0	0	0
150	0	0	0	0	0	0	0	0	0
148	0	0	0	0	0	0	0	0	0
149	0	0	0	0	0	0	0	0	0
146	0	0	0	0	0	0	0	0	0
147	0	0	0	0	0	0	0	0	0
261	0	0	0	0	0	0	0	0	0
286	0	0	0	0	0	0	0	0	0
262	0	0	0	0	0	0	0	0	0
285	0	0	0	0	0	0	0	0	0
259	0	0	0	0	0	0	0	0	0
283	0	0	0	0	0	0	0	0	0
282	0	0	0	0	0	0	0	0	0
241	0	0	0	0	0	0	0	0	0
239	0	0	0	0	0	0	0	0	0
242	0	0	0	0	0	0	0	0	0
136	0.538461538461539	0.307692307692308	0.153846153846154	0.461538461538462	0.230769230769231	0	0.153846153846154	0.384615384615385	0.153846153846154
281	0	0	0	0	0	0	0	0	0
238	0.173913043478261	0.173913043478261	0	0.173913043478261	0.173913043478261	0	0	0	0
7	0	0	0	0	0	0	0	0	0
9	0.0588235294117647	0.176470588235294	0.0588235294117647	0.176470588235294	0.0588235294117647	0.0588235294117647	0.176470588235294	0	0.117647058823529
130	0	0	0	0	0	0	0	0	0
5	0	0	0	0	0	0	0	0	0
6	0	0	0	0	0	0	0	0	0
8	0	0	0	0	0	0	0	0	0
491	0	0	0	0	0	0	0	0	0
489	0	0	0	0	0	0	0	0	0
490	0	0	0	0	0	0	0	0	0
485	0	0	0	0	0	0	0	0	0
488	0	0	0	0	0	0	0	0	0
484	0	0	0	0	0	0	0	0	0
514	0	0	0	0	0	0	0	0	0
483	0	0	0	0	0	0	0	0	0
722	0	0	0	0	0	0	0	0	0
723	0	0	0	0	0	0	0	0	0
513	0	0	0	0	0	0	0	0	0
510	0	0	0	0	0	0	0	0	0
724	0	0	0	0	0	0	0	0	0
763	0	0	0	0	0	0	0	0	0
764	0	0	0	0	0	0	0	0	0
746	0	0	0	0	0	0	0	0	0
749	0	0	0	0	0	0	0	0	0
745	0	0	0	0	0	0	0	0	0
1077	0	0	0	0	0	0	0	0	0
1079	0	0	0	0	0	0	0	0	0
1263	0.0833333333333333	0	0.0833333333333333	0.0833333333333333	0.166666666666667	0.0833333333333333	0.166666666666667	0.0833333333333333	0.166666666666667
769	0	0	0	0	0	0	0	0	0
748	0	0	0	0	0	0	0	0	0
747	0	0	0	0	0	0	0	0	0
785	0.242424242424242	0.363636363636364	0.0606060606060606	0.0909090909090909	0.212121212121212	0.121212121212121	0.484848484848485	0.151515151515152	0.333333333333333
773	0	0	0	0	0	0	0	0	0
887	0	0	0	0.0952380952380952	0	0.0952380952380952	0	0	0.0952380952380952
888	0.111111111111111	0	0	0.0370370370370370	0.148148148148148	0.0370370370370370	0.148148148148148	0.111111111111111	0.0740740740740741
886	0	0	0	0	0	0	0	0	0
889	0.105263157894737	0.0526315789473684	0	0.157894736842105	0.0526315789473684	0.105263157894737	0.0526315789473684	0.0526315789473684	0.157894736842105
946	0	0	0	0	0	0	0	0	0
948	0	0	0	0	0	0	0	0	0
922	0	0	0	0	0	0	0	0	0
899	0	0	0	0	0	0	0	0	0
947	0	0	0	0	0	0	0	0	0
949	0	0	0	0	0	0	0	0	0
950	0	0	0	0	0	0	0	0	0
902	0	0	0	0	0	0	0	0	0
923	0	0	0	0	0	0	0	0	0
924	0	0	0	0	0	0	0	0	0
925	0	0	0	0	0	0	0	0	0
904	0	0	0	0	0	0	0	0	0
905	0	0	0	0	0	0	0	0	0
906	0	0	0	0	0	0	0	0	0
907	0	0	0	0	0	0	0	0	0
1049	0	0	0	0	0	0	0	0	0
928	0	0	0	0	0	0	0	0	0
926	0	0	0	0	0	0	0	0	0
929	0	0	0	0	0	0	0	0	0
909	0	0	0	0	0	0	0	0	0
930	0	0	0	0	0	0	0	0	0
910	0	0	0	0	0	0	0	0	0
931	0	0	0	0	0	0	0	0	0
911	0	0	0	0	0	0	0	0	0
940	0	0	0	0	0	0	0	0	0
838	0	0	0	0	0	0	0	0	0
939	0	0	0	0	0	0	0	0	0
932	0	0	0	0	0	0	0	0	0
836	0	0	0	0	0	0	0	0	0
839	0	0	0	0	0	0	0	0	0
869	0.0689655172413793	0.517241379310345	0	0.206896551724138	0.241379310344828	0.379310344827586	0.310344827586207	0.241379310344828	0.103448275862069
825	0	0.476190476190476	0.0476190476190476	0.476190476190476	0.476190476190476	0.428571428571429	0.285714285714286	0.285714285714286	0.0952380952380952
858	0	0	0	0	0.133333333333333	0	0	0.133333333333333	0
857	0.160000000000000	0.240000000000000	0.0400000000000000	0.160000000000000	0.120000000000000	0.240000000000000	0.240000000000000	0.120000000000000	0.0800000000000000
859	0	0	0	0	0	0	0	0	0
870	0	0.0666666666666667	0	0	0.0666666666666667	0	0	0	0
827	0	0	0	0	0	0	0	0	0
826	0	0.142857142857143	0	0.142857142857143	0.142857142857143	0.142857142857143	0.142857142857143	0	0
805	0.0256410256410256	0	0.0256410256410256	0	0	0.0256410256410256	0.0256410256410256	0.0256410256410256	0
817	0.0256410256410256	0	0.0256410256410256	0	0	0.0256410256410256	0.0256410256410256	0.0256410256410256	0
818	0	0	0	0	0	0	0	0	0
816	0	0	0	0	0	0	0	0	0
871	0	0	0	0	0	0	0	0	0
819	0	0	0	0	0	0	0	0	0
1227	0.0270270270270270	0.0270270270270270	0.0270270270270270	0	0	0	0.0270270270270270	0.0135135135135135	0.0270270270270270
1228	0	0	0	0	0	0	0	0	0
1216	0	0	0	0	0	0	0	0	0
1229	0	0	0	0	0	0	0	0	0
1217	0	0	0	0	0	0	0	0	0
1172	0	0	0	0	0	0	0	0	0
1171	0	0	0	0	0	0	0	0	0
1174	0	0	0	0	0	0	0	0	0
1173	0	0	0	0	0	0	0	0	0
1131	0	0	0	0	0	0	0	0	0
1132	0	0	0	0	0	0	0	0	0
1133	0	0	0	0	0	0	0	0	0
1152	0	0	0	0	0	0	0	0	0
552	0	0	0	0	0	0	0	0	0
42	0	0	0	0	0	0	0	0	0
44	0	0	0	0	0	0	0	0	0
43	0	0	0	0	0	0	0	0	0
45	0	0	0	0	0	0	0	0	0
79	0	0	0	0	0	0	0	0	0
104	0	0	0	0	0	0	0	0	0
174	0	0	0	0	0	0	0	0	0
70	0	0	0	0	0	0	0	0	0
98	0	0	0	0	0	0	0	0	0
73	0	0	0	0	0	0	0	0	0
173	0	0	0	0	0	0	0	0	0
164	0	0	0	0	0	0	0	0	0
161	0	0	0	0	0	0	0	0	0
152	0	0	0	0	0	0	0	0	0
279	0	0	0	0	0	0	0	0	0
258	0	0	0	0	0	0	0	0	0
257	0	0	0	0	0	0	0	0	0
256	0	0	0	0	0	0	0	0	0
254	0	0	0	0	0	0	0	0	0
252	0	0	0	0	0	0	0	0	0
255	0	0	0	0	0	0	0	0	0
240	0	0	0	0	0	0	0	0	0
249	0	0	0	0	0	0	0	0	0
247	0	0	0	0	0	0	0	0	0
237	0	0	0	0	0	0	0	0	0
236	0	0	0	0	0	0	0	0	0
244	0	0	0	0	0	0	0	0	0
131	0	0.111111111111111	0.111111111111111	0.111111111111111	0	0.111111111111111	0	0	0
445	0	0	0	0	0	0	0	0	0
446	0	0	0	0	0	0	0	0	0
762	0	0	0	0	0	0	0	0	0
770	0	0	0	0	0	0	0	0	0
1076	0	0	0	0	0	0	0	0	0
768	0	0	0	0	0	0	0	0	0
781	0	0	0	0	0	0	0	0	0
780	0	0	0	0	0	0	0	0	0
1078	0	0	0	0	0	0	0	0	0
783	0	0	0	0	0	0	0	0	0
771	0	0	0	0	0	0	0	0	0
779	0	0	0	0	0	0	0	0	0
782	0	0	0	0	0	0	0	0	0
885	0	0	0	0	0	0	0	0	0
894	0	0	0	0	0	0	0	0	0
895	0	0	0	0	0	0	0	0	0
896	0	0	0	0	0	0	0	0	0
900	0	0	0	0	0	0	0	0	0
1071	0	0	0	0	0	0	0	0	0
901	0	0	0	0	0	0	0	0	0
1062	0	0	0	0	0	0	0	0	0
1046	0	0	0	0	0	0	0	0	0
1051	0	0	0	0	0	0	0	0	0
1050	0	0	0	0	0	0	0	0	0
913	0	0	0	0	0	0	0	0	0
941	0	0	0	0	0	0	0	0	0
942	0	0	0	0	0	0	0	0	0
840	0	0	0	0	0	0	0	0	0
915	0	0	0	0	0	0	0	0	0
933	0	0	0	0	0	0	0	0	0
934	0	0	0	0	0	0	0	0	0
935	0	0	0	0	0	0	0	0	0
938	0	0	0	0	0	0	0	0	0
841	0	0	0	0	0	0	0	0	0
865	0	0	0	0	0	0	0	0	0
844	0	0	0	0	0	0	0	0	0
860	0	0	0	0	0	0	0	0	0
861	0	0	0	0	0	0	0	0	0
872	0	0	0	0	0	0	0	0	0
807	0	0	0	0	0	0	0	0	0
820	0	0	0	0	0	0	0	0	0
806	0	0	0	0	0	0	0	0	0
1230	0	0	0	0	0	0	0	0	0
1218	0	0	0	0	0	0	0	0	0
1134	0	0	0	0	0	0	0	0	0
1153	0	0	0	0	0	0	0	0	0
105	0	0	0	0	0	0	0	0	0
99	0	0	0	0	0	0	0	0	0
75	0	0	0	0	0	0	0	0	0
72	0	0	0	0	0	0	0	0	0
71	0	0	0	0	0	0	0	0	0
74	0	0	0	0	0	0	0	0	0
78	0	0	0	0	0	0	0	0	0
175	0	0	0	0	0	0	0	0	0
154	0	0	0	0	0	0	0	0	0
361	0	0	0	0	0	0	0	0	0
360	0	0	0	0	0	0	0	0	0
358	0	0	0	0	0	0	0	0	0
248	0	0	0	0	0	0	0	0	0
246	0	0	0	0	0	0	0	0	0
892	0	0	0	0	0	0	0	0	0
893	0	0	0	0	0	0	0	0	0
1068	0	0	0	0	0	0	0	0	0
1069	0	0	0	0	0	0	0	0	0
1042	0	0	0	0	0	0	0	0	0
1070	0	0	0	0	0	0	0	0	0
1066	0	0	0	0	0	0	0	0	0
1044	0	0	0	0	0	0	0	0	0
919	0	0	0	0	0	0	0	0	0
917	0	0	0	0	0	0	0	0	0
943	0	0	0	0	0	0	0	0	0
845	0	0	0	0	0	0	0	0	0
842	0	0	0	0	0	0	0	0	0
623	0.541666666666667	0.187500000000000	0.291666666666667	0.291666666666667	0.166666666666667	0.500000000000000	0.500000000000000	0.729166666666667	0.250000000000000
1246	0.576923076923077	0.500000000000000	0.923076923076923	0.615384615384615	0.461538461538462	0.307692307692308	0.538461538461539	0.307692307692308	0.500000000000000
86	1	0.200000000000000	0.400000000000000	0.600000000000000	0.400000000000000	1	0.800000000000000	0.400000000000000	0.500000000000000
135	0.200000000000000	0.400000000000000	0.300000000000000	0.600000000000000	0.300000000000000	0	0.100000000000000	0.200000000000000	0.100000000000000
125	0	0.562500000000000	0.375000000000000	0.562500000000000	0.562500000000000	0.312500000000000	0.125000000000000	0.250000000000000	0.437500000000000
126	0	0.800000000000000	0.600000000000000	1	0.800000000000000	0.600000000000000	0.200000000000000	0.800000000000000	0.600000000000000
953	0	0	0	0	0	0	0	0	0
848	0	0.0625000000000000	0.125000000000000	0	0	0	0.125000000000000	0	0.125000000000000
591	0	0	0	0	0	0	0	0	0
151	0	0	0	0	0	0	0	0	0
284	0	0	0	0	0	0	0	0	0
260	0	0	0	0	0	0	0	0	0
133	0	0.266666666666667	0.266666666666667	0.266666666666667	0.266666666666667	0.200000000000000	0	0.266666666666667	0.200000000000000
4	0	0	0	0	0	0	0	0	0
486	0	0	0	0	0	0	0	0	0
512	0	0	0	0	0	0	0	0	0
511	0	0	0	0	0	0	0	0	0
1080	0	0	0	0	0	0	0	0	0
903	0	0	0	0	0	0	0	0	0
1047	0	0	0	0	0	0	0	0	0
1048	0	0	0	0	0	0	0	0	0
908	0	0	0	0	0	0	0	0	0
47	0	0	0	0	0	0	0	0	0
278	0	0	0	0	0	0	0	0	0
245	0	0	0	0	0	0	0	0	0
3	0	0	0	0	0	0	0	0	0
2	0	0	0	0	0	0	0	0	0
897	0	0	0	0	0	0	0	0	0
1045	0	0	0	0	0	0	0	0	0
1052	0	0	0	0	0	0	0	0	0
1054	0	0	0	0	0	0	0	0	0
916	0	0	0	0	0	0	0	0	0
813	0	0	0	0	0	0	0	0	0
1175	0	0	0	0	0	0	0	0	0
97	0	0	0	0	0	0	0	0	0
76	0	0	0	0	0	0	0	0	0
403	0	0	0	0	0	0	0	0	0
359	0	0	0	0	0	0	0	0	0
253	0	0	0	0	0	0	0	0	0
936	0	0	0	0	0	0	0	0	0
866	0	0	0	0	0	0	0	0	0
168	0	0	0	0	0	0	0	0	0
656	0	0	0	0	0	0	0	0	0
162	0	0	0	0	0	0	0	0	0
235	0	0	0	0	0	0	0	0	0
443	0	0	0	0	0	0	0	0	0
912	0	0	0	0	0	0	0	0	0
914	0	0	0	0	0	0	0	0	0
862	0	0	0	0	0	0	0	0	0
155	0	0	0	0	0	0	0	0	0
243	0	0	0	0	0	0	0	0	0
1043	0	0	0	0	0	0	0	0	0
944	0	0	0	0	0	0	0	0	0
1176	0	0	0	0	0	0	0	0	0
163	0	0	0	0	0	0	0	0	0
251	0	0	0	0	0	0	0	0	0
898	0	0	0	0	0	0	0	0	0
80	0	0	0	0	0	0	0	0	0
597	0	0	0	0	0	0	0	0	0
145	0	0	0	0	0	0	0	0	0
153	0	0	0	0	0	0	0	0	0
364	0	0	0	0	0	0	0	0	0
444	0	0	0	0	0	0	0	0	0
1058	0	0	0	0	0	0	0	0	0
158	0	0	0	0	0	0	0	0	0
363	0	0	0	0	0	0	0	0	0
357	0	0	0	0	0	0	0	0	0
1041	0	0	0	0	0	0	0	0	0
891	0	0	0	0	0	0	0	0	0
918	0	0	0	0	0	0	0	0	0
937	0	0	0	0	0	0	0	0	0
487	0	0	0	0	0	0	0	0	0
157	0	0	0	0	0	0	0	0	0
362	0	0	0	0	0	0	0	0	0